map_icons_file version 1
334
player 0 player 0.250000 17 0 0 0 1
-70.000000  10 2071 1 1224979098644774912 4 0 1073741855 2 1224979098644774912 648518346341351424 541 3 1224979098644774912 0 13 1652 3 1224979098644774913 1224979098644774912 0 560 3 1224979098644774913 13 1 1983 2 1729382256910270514 1224979098644774913 5 0 1983 2 1729382256910270514 -1 3 0 


player_withtroops 0 player_withtroops 0.250000 17 0 0 0 1
-70.000000  10 2071 1 1224979098644774912 4 0 1073741855 2 1224979098644774912 648518346341351424 541 3 1224979098644774912 0 13 1652 3 1224979098644774913 1224979098644774912 0 560 3 1224979098644774913 13 1 1983 2 1729382256910270514 1224979098644774913 5 0 1983 2 1729382256910270514 -1 3 0 


player_troops_followers 0 player_troops_followers 0.250000 17 0 0 0 1
-70.000000  10 2071 1 1224979098644774912 4 0 1073741855 2 1224979098644774912 648518346341351424 541 3 1224979098644774912 0 13 1652 3 1224979098644774913 1224979098644774912 0 560 3 1224979098644774913 13 1 1983 2 1729382256910270514 1224979098644774913 5 0 1983 2 1729382256910270514 -1 3 0 


player_horseman 0 player_horseman 0.250000 114 0 0 0 1
-70.000000  10 2071 1 1224979098644774912 4 0 1073741855 2 1224979098644774912 648518346341351424 541 3 1224979098644774912 0 13 1652 3 1224979098644774913 1224979098644774912 0 560 3 1224979098644774913 13 1 1983 2 1729382256910270514 1224979098644774913 5 0 1983 2 1729382256910270514 -1 3 0 


ship 1 ships_1 0.250000 19 0.000000 0.050000 0.000000 0


ship_on_land 1 ship_landed 0.250000 0 0 0 0 0


lords_1 0 lords_01 0.250000 114 0 0 0 1
-70.000000  10 2071 1 1224979098644774912 4 0 1073741855 2 1224979098644774912 648518346341351424 541 3 1224979098644774912 0 13 1652 3 1224979098644774913 1224979098644774912 0 560 3 1224979098644774913 13 1 1983 2 1729382256910270514 1224979098644774913 5 0 1983 2 1729382256910270514 -1 3 0 


lords_2 0 lords_01 0.250000 114 0 0 0 1
-70.000000  10 2071 1 1224979098644774912 4 0 1073741855 2 1224979098644774912 648518346341351424 541 3 1224979098644774912 0 13 1652 3 1224979098644774913 1224979098644774912 0 560 3 1224979098644774913 13 1 1983 2 1729382256910270514 1224979098644774913 5 0 1983 2 1729382256910270514 -1 3 0 


lords_3 0 lords_03 0.250000 114 0 0 0 1
-70.000000  10 2071 1 1224979098644774912 4 0 1073741855 2 1224979098644774912 648518346341351424 541 3 1224979098644774912 0 13 1652 3 1224979098644774913 1224979098644774912 0 560 3 1224979098644774913 13 1 1983 2 1729382256910270514 1224979098644774913 5 0 1983 2 1729382256910270514 -1 3 0 


lords_4 0 lords_03 0.250000 114 0 0 0 1
-70.000000  10 2071 1 1224979098644774912 4 0 1073741855 2 1224979098644774912 648518346341351424 541 3 1224979098644774912 0 13 1652 3 1224979098644774913 1224979098644774912 0 560 3 1224979098644774913 13 1 1983 2 1729382256910270514 1224979098644774913 5 0 1983 2 1729382256910270514 -1 3 0 


lords_5 0 lords_05 0.250000 114 0 0 0 1
-70.000000  10 2071 1 1224979098644774912 4 0 1073741855 2 1224979098644774912 648518346341351424 541 3 1224979098644774912 0 13 1652 3 1224979098644774913 1224979098644774912 0 560 3 1224979098644774913 13 1 1983 2 1729382256910270514 1224979098644774913 5 0 1983 2 1729382256910270514 -1 3 0 


lords_6 0 lords_05 0.250000 114 0 0 0 1
-70.000000  10 2071 1 1224979098644774912 4 0 1073741855 2 1224979098644774912 648518346341351424 541 3 1224979098644774912 0 13 1652 3 1224979098644774913 1224979098644774912 0 560 3 1224979098644774913 13 1 1983 2 1729382256910270514 1224979098644774913 5 0 1983 2 1729382256910270514 -1 3 0 


lords_7 0 lords_07 0.250000 114 0 0 0 1
-70.000000  10 2071 1 1224979098644774912 4 0 1073741855 2 1224979098644774912 648518346341351424 541 3 1224979098644774912 0 13 1652 3 1224979098644774913 1224979098644774912 0 560 3 1224979098644774913 13 1 1983 2 1729382256910270514 1224979098644774913 5 0 1983 2 1729382256910270514 -1 3 0 


lords_8 0 lords_07 0.250000 114 0 0 0 1
-70.000000  10 2071 1 1224979098644774912 4 0 1073741855 2 1224979098644774912 648518346341351424 541 3 1224979098644774912 0 13 1652 3 1224979098644774913 1224979098644774912 0 560 3 1224979098644774913 13 1 1983 2 1729382256910270514 1224979098644774913 5 0 1983 2 1729382256910270514 -1 3 0 


lords_9 0 lords_07 0.250000 114 0 0 0 1
-70.000000  10 2071 1 1224979098644774912 4 0 1073741855 2 1224979098644774912 648518346341351424 541 3 1224979098644774912 0 13 1652 3 1224979098644774913 1224979098644774912 0 560 3 1224979098644774913 13 1 1983 2 1729382256910270514 1224979098644774913 5 0 1983 2 1729382256910270514 -1 3 0 


lords_10 0 lords_10 0.250000 114 0 0 0 1
-70.000000  10 2071 1 1224979098644774912 4 0 1073741855 2 1224979098644774912 648518346341351424 541 3 1224979098644774912 0 13 1652 3 1224979098644774913 1224979098644774912 0 560 3 1224979098644774913 13 1 1983 2 1729382256910270514 1224979098644774913 5 0 1983 2 1729382256910270514 -1 3 0 


warriors_1 0 warriors_01 0.250000 17 0 0 0 1
-70.000000  10 2071 1 1224979098644774912 4 0 1073741855 2 1224979098644774912 648518346341351424 541 3 1224979098644774912 0 13 1652 3 1224979098644774913 1224979098644774912 0 560 3 1224979098644774913 13 1 1983 2 1729382256910270514 1224979098644774913 5 0 1983 2 1729382256910270514 -1 3 0 


warriors_2 0 warriors_01 0.250000 17 0 0 0 1
-70.000000  10 2071 1 1224979098644774912 4 0 1073741855 2 1224979098644774912 648518346341351424 541 3 1224979098644774912 0 13 1652 3 1224979098644774913 1224979098644774912 0 560 3 1224979098644774913 13 1 1983 2 1729382256910270514 1224979098644774913 5 0 1983 2 1729382256910270514 -1 3 0 


warriors_3 0 warriors_03 0.250000 17 0 0 0 1
-70.000000  10 2071 1 1224979098644774912 4 0 1073741855 2 1224979098644774912 648518346341351424 541 3 1224979098644774912 0 13 1652 3 1224979098644774913 1224979098644774912 0 560 3 1224979098644774913 13 1 1983 2 1729382256910270514 1224979098644774913 5 0 1983 2 1729382256910270514 -1 3 0 


warriors_4 0 warriors_03 0.250000 17 0 0 0 1
-70.000000  10 2071 1 1224979098644774912 4 0 1073741855 2 1224979098644774912 648518346341351424 541 3 1224979098644774912 0 13 1652 3 1224979098644774913 1224979098644774912 0 560 3 1224979098644774913 13 1 1983 2 1729382256910270514 1224979098644774913 5 0 1983 2 1729382256910270514 -1 3 0 


warriors_5 0 warriors_05 0.250000 17 0 0 0 1
-70.000000  10 2071 1 1224979098644774912 4 0 1073741855 2 1224979098644774912 648518346341351424 541 3 1224979098644774912 0 13 1652 3 1224979098644774913 1224979098644774912 0 560 3 1224979098644774913 13 1 1983 2 1729382256910270514 1224979098644774913 5 0 1983 2 1729382256910270514 -1 3 0 


warriors_6 0 warriors_05 0.250000 17 0 0 0 1
-70.000000  10 2071 1 1224979098644774912 4 0 1073741855 2 1224979098644774912 648518346341351424 541 3 1224979098644774912 0 13 1652 3 1224979098644774913 1224979098644774912 0 560 3 1224979098644774913 13 1 1983 2 1729382256910270514 1224979098644774913 5 0 1983 2 1729382256910270514 -1 3 0 


warriors_7 0 warriors_07 0.250000 17 0 0 0 1
-70.000000  10 2071 1 1224979098644774912 4 0 1073741855 2 1224979098644774912 648518346341351424 541 3 1224979098644774912 0 13 1652 3 1224979098644774913 1224979098644774912 0 560 3 1224979098644774913 13 1 1983 2 1729382256910270514 1224979098644774913 5 0 1983 2 1729382256910270514 -1 3 0 


warriors_8 0 warriors_07 0.250000 17 0 0 0 1
-70.000000  10 2071 1 1224979098644774912 4 0 1073741855 2 1224979098644774912 648518346341351424 541 3 1224979098644774912 0 13 1652 3 1224979098644774913 1224979098644774912 0 560 3 1224979098644774913 13 1 1983 2 1729382256910270514 1224979098644774913 5 0 1983 2 1729382256910270514 -1 3 0 


warriors_9 0 warriors_07 0.250000 17 0 0 0 1
-70.000000  10 2071 1 1224979098644774912 4 0 1073741855 2 1224979098644774912 648518346341351424 541 3 1224979098644774912 0 13 1652 3 1224979098644774913 1224979098644774912 0 560 3 1224979098644774913 13 1 1983 2 1729382256910270514 1224979098644774913 5 0 1983 2 1729382256910270514 -1 3 0 


warriors_10 0 warriors_10 0.250000 17 0 0 0 1
-70.000000  10 2071 1 1224979098644774912 4 0 1073741855 2 1224979098644774912 648518346341351424 541 3 1224979098644774912 0 13 1652 3 1224979098644774913 1224979098644774912 0 560 3 1224979098644774913 13 1 1983 2 1729382256910270514 1224979098644774913 5 0 1983 2 1729382256910270514 -1 3 0 


farmer_1 0 farmer_01 0.250000 17 0 0 0 1
-70.000000  10 2071 1 1224979098644774912 4 0 1073741855 2 1224979098644774912 648518346341351424 541 3 1224979098644774912 0 13 1652 3 1224979098644774913 1224979098644774912 0 560 3 1224979098644774913 13 1 1983 2 1729382256910270514 1224979098644774913 5 0 1983 2 1729382256910270514 -1 3 0 


farmer_2 0 farmer_01 0.250000 17 0 0 0 1
-70.000000  10 2071 1 1224979098644774912 4 0 1073741855 2 1224979098644774912 648518346341351424 541 3 1224979098644774912 0 13 1652 3 1224979098644774913 1224979098644774912 0 560 3 1224979098644774913 13 1 1983 2 1729382256910270514 1224979098644774913 5 0 1983 2 1729382256910270514 -1 3 0 


farmer_3 0 farmer_03 0.250000 17 0 0 0 1
-70.000000  10 2071 1 1224979098644774912 4 0 1073741855 2 1224979098644774912 648518346341351424 541 3 1224979098644774912 0 13 1652 3 1224979098644774913 1224979098644774912 0 560 3 1224979098644774913 13 1 1983 2 1729382256910270514 1224979098644774913 5 0 1983 2 1729382256910270514 -1 3 0 


farmer_4 0 farmer_03 0.250000 17 0 0 0 1
-70.000000  10 2071 1 1224979098644774912 4 0 1073741855 2 1224979098644774912 648518346341351424 541 3 1224979098644774912 0 13 1652 3 1224979098644774913 1224979098644774912 0 560 3 1224979098644774913 13 1 1983 2 1729382256910270514 1224979098644774913 5 0 1983 2 1729382256910270514 -1 3 0 


farmer_5 0 farmer_05 0.250000 17 0 0 0 1
-70.000000  10 2071 1 1224979098644774912 4 0 1073741855 2 1224979098644774912 648518346341351424 541 3 1224979098644774912 0 13 1652 3 1224979098644774913 1224979098644774912 0 560 3 1224979098644774913 13 1 1983 2 1729382256910270514 1224979098644774913 5 0 1983 2 1729382256910270514 -1 3 0 


farmer_6 0 farmer_05 0.250000 17 0 0 0 1
-70.000000  10 2071 1 1224979098644774912 4 0 1073741855 2 1224979098644774912 648518346341351424 541 3 1224979098644774912 0 13 1652 3 1224979098644774913 1224979098644774912 0 560 3 1224979098644774913 13 1 1983 2 1729382256910270514 1224979098644774913 5 0 1983 2 1729382256910270514 -1 3 0 


farmer_7 0 farmer_07 0.250000 17 0 0 0 1
-70.000000  10 2071 1 1224979098644774912 4 0 1073741855 2 1224979098644774912 648518346341351424 541 3 1224979098644774912 0 13 1652 3 1224979098644774913 1224979098644774912 0 560 3 1224979098644774913 13 1 1983 2 1729382256910270514 1224979098644774913 5 0 1983 2 1729382256910270514 -1 3 0 


farmer_8 0 farmer_07 0.250000 17 0 0 0 1
-70.000000  10 2071 1 1224979098644774912 4 0 1073741855 2 1224979098644774912 648518346341351424 541 3 1224979098644774912 0 13 1652 3 1224979098644774913 1224979098644774912 0 560 3 1224979098644774913 13 1 1983 2 1729382256910270514 1224979098644774913 5 0 1983 2 1729382256910270514 -1 3 0 


farmer_9 0 farmer_07 0.250000 17 0 0 0 1
-70.000000  10 2071 1 1224979098644774912 4 0 1073741855 2 1224979098644774912 648518346341351424 541 3 1224979098644774912 0 13 1652 3 1224979098644774913 1224979098644774912 0 560 3 1224979098644774913 13 1 1983 2 1729382256910270514 1224979098644774913 5 0 1983 2 1729382256910270514 -1 3 0 


farmer_10 0 farmer_10 0.250000 17 0 0 0 1
-70.000000  10 2071 1 1224979098644774912 4 0 1073741855 2 1224979098644774912 648518346341351424 541 3 1224979098644774912 0 13 1652 3 1224979098644774913 1224979098644774912 0 560 3 1224979098644774913 13 1 1983 2 1729382256910270514 1224979098644774913 5 0 1983 2 1729382256910270514 -1 3 0 


caravan_1 0 caravan_01 0.250000 17 0 0 0 1
-70.000000  10 2071 1 1224979098644774912 4 0 1073741855 2 1224979098644774912 648518346341351424 541 3 1224979098644774912 0 13 1652 3 1224979098644774913 1224979098644774912 0 560 3 1224979098644774913 13 1 1983 2 1729382256910270514 1224979098644774913 5 0 1983 2 1729382256910270514 -1 3 0 


caravan_2 0 caravan_01 0.250000 17 0 0 0 1
-70.000000  10 2071 1 1224979098644774912 4 0 1073741855 2 1224979098644774912 648518346341351424 541 3 1224979098644774912 0 13 1652 3 1224979098644774913 1224979098644774912 0 560 3 1224979098644774913 13 1 1983 2 1729382256910270514 1224979098644774913 5 0 1983 2 1729382256910270514 -1 3 0 


caravan_3 0 caravan_03 0.250000 17 0 0 0 1
-70.000000  10 2071 1 1224979098644774912 4 0 1073741855 2 1224979098644774912 648518346341351424 541 3 1224979098644774912 0 13 1652 3 1224979098644774913 1224979098644774912 0 560 3 1224979098644774913 13 1 1983 2 1729382256910270514 1224979098644774913 5 0 1983 2 1729382256910270514 -1 3 0 


caravan_4 0 caravan_03 0.250000 17 0 0 0 1
-70.000000  10 2071 1 1224979098644774912 4 0 1073741855 2 1224979098644774912 648518346341351424 541 3 1224979098644774912 0 13 1652 3 1224979098644774913 1224979098644774912 0 560 3 1224979098644774913 13 1 1983 2 1729382256910270514 1224979098644774913 5 0 1983 2 1729382256910270514 -1 3 0 


caravan_5 0 caravan_03 0.250000 17 0 0 0 1
-70.000000  10 2071 1 1224979098644774912 4 0 1073741855 2 1224979098644774912 648518346341351424 541 3 1224979098644774912 0 13 1652 3 1224979098644774913 1224979098644774912 0 560 3 1224979098644774913 13 1 1983 2 1729382256910270514 1224979098644774913 5 0 1983 2 1729382256910270514 -1 3 0 


caravan_6 0 caravan_06 0.250000 17 0 0 0 1
-70.000000  10 2071 1 1224979098644774912 4 0 1073741855 2 1224979098644774912 648518346341351424 541 3 1224979098644774912 0 13 1652 3 1224979098644774913 1224979098644774912 0 560 3 1224979098644774913 13 1 1983 2 1729382256910270514 1224979098644774913 5 0 1983 2 1729382256910270514 -1 3 0 


ships_1 0 ships_1 0.250000 19 0 0 0 0


ships_2 0 ships_1 0.250000 19 0 0 0 0


ships_3 0 ships_3 0.250000 19 0 0 0 0


ships_4 0 ships_3 0.250000 19 0 0 0 0


ships_5 0 ships_5 0.250000 19 0 0 0 0


ships_6 0 ships_5 0.250000 19 0 0 0 0


ships_7 0 ships_7 0.250000 19 0 0 0 0


merchants_1 0 merchants_1 0.250000 19 0 0 0 0


merchants_2 0 merchants_1 0.250000 19 0 0 0 0


merchants_3 0 merchants_3 0.250000 19 0 0 0 0


merchants_4 0 merchants_3 0.250000 19 0 0 0 0


merchants_5 0 merchants_5 0.250000 19 0 0 0 0


merchants_6 0 merchants_5 0.250000 19 0 0 0 0


merchants_7 0 merchants_7 0.250000 19 0 0 0 0


town_port 1 map_tradeport 1.000000 0 0 0 0 0


town_walled 1 wall_town_icon 1.330000 0 0 0 0 0


fort1 1 map_vikingcastle 1.000000 0 0 0 0 0


fort2 1 hillfort_icon 1.330000 0 0 0 0 0


monastery 1 monastery 1.330000 0 0 0 0 0


village_a 1 town_icon2 1.330000 0 0 0 0 0


town_port_burnt 1 map_tradeport_burned 1.000000 0 0 0 0 0


town_walled_burnt 1 wall_town_icon_burned 1.330000 0 0 0 0 0


fort1_burnt 1 map_vikingcastle_burned 1.000000 0 0 0 0 0


fort2_burnt 1 hillfort_icon_burned 1.330000 0 0 0 0 0


monastery_burnt 1 monastery_burned 1.330000 0 0 0 0 0


village_burnt_a 1 town_icon2_burned 1.330000 0 0 0 0 0


town_port_snow 1 town_icon2 1.000000 0 0 0 0 0


town_walled_snow 1 town_icon2 1.330000 0 0 0 0 0


fort1_snow 1 town_icon2 1.000000 0 0 0 0 0


fort2_snow 1 town_icon2 1.330000 0 0 0 0 0


monastery_snow 1 town_icon2 1.330000 0 0 0 0 0


village_snow_a 1 town_icon2 1.330000 0 0 0 0 0


player_horseman_withtroops 0 player_horseman_withtroops 0.250000 114 0 0 0 1
-70.000000  10 2071 1 1224979098644774912 4 0 1073741855 2 1224979098644774912 648518346341351424 541 3 1224979098644774912 0 13 1652 3 1224979098644774913 1224979098644774912 0 560 3 1224979098644774913 13 1 1983 2 1729382256910270514 1224979098644774913 5 0 1983 2 1729382256910270514 -1 3 0 


player_horseman_followers 0 player_horseman_followers 0.250000 114 0 0 0 1
-70.000000  10 2071 1 1224979098644774912 4 0 1073741855 2 1224979098644774912 648518346341351424 541 3 1224979098644774912 0 13 1652 3 1224979098644774913 1224979098644774912 0 560 3 1224979098644774913 13 1 1983 2 1729382256910270514 1224979098644774913 5 0 1983 2 1729382256910270514 -1 3 0 


boar 0 icon_boar 0.250000 17 0.150000 0.173000 0.000000 0


fort2_snow_burnt 1 town_icon2 1.330000 0 0 0 0 0


monastery_snow_burnt 1 town_icon2 1.330000 0 0 0 0 0


village_snow_burnt_a 1 town_icon2 1.330000 0 0 0 0 0


village_deserted_a 1 town_icon2_burned 1.330000 0 0 0 0 0


village_snow_deserted_a 1 town_icon2_burned 1.330000 0 0 0 0 0


snotingaham_siege 1 snotingaham_siege 1.330000 0 0 0 0 0


snotingaham_siege_camps 1 snotingaham_siege_camps 1.330000 0 0 0 0 0


camp 1 playerrefuge 1.330000 0 0 0 0 0


camp_basic 0 quarry_icon 1.330000 0 0 0 0 0


camp_fortified 0 playerrefuge_upgrade 1.330000 0 0 0 0 0


camp_refuge 0 camp_fortified 1.330000 0 0 0 0 0


siege_camp_ports 1 map_tradeport_siegecamps 1.330000 0 0 0 0 0


siege_camp_town 1 wall_town_icon_siegecamps 1.330000 0 0 0 0 0


siege_camp_fort 1 map_vikingcastle_siegecamps 1.330000 0 0 0 0 0


sacred_forest 1 sacred_forest 1.330000 0 0 0 0 0


cave 1 cave 1.330000 0 0 0 0 0


bridge_b 1 troll_bridge 1.270000 0 0 0 0 0


farmstead_sp 0 farmstead 1.330000 0 0 0 0 0


woodcutter_sp 0 woodcutter 1.330000 0 0 0 0 0


landing_point 1 empty 0.000000 0 0 0 0 0


chimney_smoke 1 empty 1.000000 0 0 0 0 1
-70.000000  3 2071 1 1224979098644774912 1679 1 1224979098644774912 1678 2 1224979098644774912 1008806316530991173 


gray_knight 0 lords_01 0.250000 114 0.150000 0.173000 0.000000 0


vaegir_knight 0 lords_01 0.250000 114 0.150000 0.173000 0.000000 0


flagbearer_a 0 lords_01 0.250000 114 0.150000 0.173000 0.000000 0


flagbearer_b 0 lords_01 0.250000 114 0.150000 0.173000 0.000000 0


peasant 0 farmer_01 0.250000 17 0.150000 0.173000 0.000000 0


khergit 0 lords_01 0.250000 114 0.150000 0.173000 0.000000 0


khergit_horseman_b 0 lords_01 0.250000 114 0.150000 0.173000 0.000000 0


axeman 0 lords_01 0.250000 17 0.150000 0.173000 0.000000 0


woman 0 farmer_01 0.250000 17 0.150000 0.173000 0.000000 0


woman_b 0 lords_01 0.250000 17 0.150000 0.173000 0.000000 0


bandit_lair 1 camp_2 0.450000 0 0 0 0 0


mule 0 caravan_03 0.200000 17 0.150000 0.173000 0.000000 0


cattle 0 icon_cow 0.250000 17 0.150000 0.173000 0.000000 0


training_ground 1 camp_2 1.000000 0 0 0 0 0


bridge_a 1 bridge 1.000000 0 0 0 0 0


bridge_snow_a 1 bridge 1.000000 0 0 0 0 0


ferry 1 ferrystation 1.000000 0 0 0 0 0


map_txt_laithlind 0 map_txt_1 1.000000 0 0.000000 0.000000 0.000000 0


map_txt_alban 0 map_txt_2 1.000000 0 0.000000 0.000000 0.000000 0


map_txt_altclut 0 map_txt_3 1.000000 0 0.000000 0.000000 0.000000 0


map_txt_norphymbra_1 0 map_txt_4 1.000000 0 0.000000 0.000000 0.000000 0


map_txt_norphymbra_2 0 map_txt_5 1.000000 0 0.000000 0.000000 0.000000 0


map_txt_gwynedd_1 0 map_txt_6 1.000000 0 0.000000 0.000000 0.000000 0


map_txt_gwynedd_2 0 map_txt_7 1.000000 0 0.000000 0.000000 0.000000 0


map_txt_corniu_1 0 map_txt_8 1.000000 0 0.000000 0.000000 0.000000 0


map_txt_corniu_2 0 map_txt_9 1.000000 0 0.000000 0.000000 0.000000 0


map_txt_wessex 0 map_txt_10 1.000000 0 0.000000 0.000000 0.000000 0


map_txt_eastengla 0 map_txt_11 1.000000 0 0.000000 0.000000 0.000000 0


map_txt_mearce 0 map_txt_12 1.000000 0 0.000000 0.000000 0.000000 0


map_txt_aileach 0 map_txt_13 1.000000 0 0.000000 0.000000 0.000000 0


map_txt_connachta 0 map_txt_14 1.000000 0 0.000000 0.000000 0.000000 0


map_txt_meath 0 map_txt_15 1.000000 0 0.000000 0.000000 0.000000 0


map_txt_laigin 0 map_txt_16 1.000000 0 0.000000 0.000000 0.000000 0


map_txt_mumain 0 map_txt_17 1.000000 0 0.000000 0.000000 0.000000 0


map_txt_noregr 0 map_txt_18 1.000000 0 0.000000 0.000000 0.000000 0


map_txt_danmork 0 map_txt_19 1.000000 0 0.000000 0.000000 0.000000 0


map_txt_frisa 0 map_txt_20 1.000000 0 0.000000 0.000000 0.000000 0


map_flag_extra01 0 map_flag_extra01 0.500000 0 0 0 0 0


map_flag_extra02 0 map_flag_extra02 0.500000 0 0 0 0 0


map_flag_extra03 0 map_flag_extra03 0.500000 0 0 0 0 0


map_flag_extra04 0 map_flag_extra04 0.500000 0 0 0 0 0


map_flag_extra05 0 map_flag_extra05 0.500000 0 0 0 0 0


map_flag_extra06 0 map_flag_extra06 0.500000 0 0 0 0 0


map_flag_extra07 0 map_flag_extra07 0.500000 0 0 0 0 0


map_flag_extra08 0 map_flag_extra08 0.500000 0 0 0 0 0


map_flag_extra09 0 map_flag_extra09 0.500000 0 0 0 0 0


map_flag_extra10 0 map_flag_extra10 0.500000 0 0 0 0 0


map_flag_extra11 0 map_flag_extra11 0.500000 0 0 0 0 0


map_flag_extra12 0 map_flag_extra12 0.500000 0 0 0 0 0


map_flag_extra13 0 map_flag_extra13 0.500000 0 0 0 0 0


map_flag_extra14 0 map_flag_extra14 0.500000 0 0 0 0 0


map_flag_extra15 0 map_flag_extra15 0.500000 0 0 0 0 0


map_flag_extra16 0 map_flag_extra16 0.500000 0 0 0 0 0


map_flag_extra17 0 map_flag_extra17 0.500000 0 0 0 0 0


map_flag_extra18 0 map_flag_extra18 0.500000 0 0 0 0 0


map_flag_extra19 0 map_flag_extra19 0.500000 0 0 0 0 0


map_flag_extra20 0 map_flag_extra20 0.500000 0 0 0 0 0


map_flag_extra21 0 map_flag_extra21 0.500000 0 0 0 0 0


map_flag_extra201 0 map_flag_extra201 0.500000 0 0 0 0 0


map_flag_extra202 0 map_flag_extra202 0.500000 0 0 0 0 0


map_flag_extra203 0 map_flag_extra203 0.500000 0 0 0 0 0


map_flag_extra204 0 map_flag_extra204 0.500000 0 0 0 0 0


map_flag_extra205 0 map_flag_extra205 0.500000 0 0 0 0 0


map_flag_extra206 0 map_flag_extra206 0.500000 0 0 0 0 0


map_flag_extra208 0 map_flag_extra208 0.500000 0 0 0 0 0


map_flag_extra209 0 map_flag_extra209 0.500000 0 0 0 0 0


map_flag_extra210 0 map_flag_extra210 0.500000 0 0 0 0 0


map_flag_extra211 0 map_flag_extra211 0.500000 0 0 0 0 0


map_flag_anglosaxon01 0 map_flag_anglosaxon01 0.500000 0 0 0 0 0


map_flag_anglosaxon02 0 map_flag_anglosaxon02 0.500000 0 0 0 0 0


map_flag_anglosaxon03 0 map_flag_anglosaxon03 0.500000 0 0 0 0 0


map_flag_anglosaxon04 0 map_flag_anglosaxon04 0.500000 0 0 0 0 0


map_flag_anglosaxon05 0 map_flag_anglosaxon05 0.500000 0 0 0 0 0


map_flag_anglosaxon06 0 map_flag_anglosaxon06 0.500000 0 0 0 0 0


map_flag_anglosaxon07 0 map_flag_anglosaxon07 0.500000 0 0 0 0 0


map_flag_anglosaxon08 0 map_flag_anglosaxon08 0.500000 0 0 0 0 0


map_flag_anglosaxon09 0 map_flag_anglosaxon09 0.500000 0 0 0 0 0


map_flag_anglosaxon10 0 map_flag_anglosaxon10 0.500000 0 0 0 0 0


map_flag_anglosaxon11 0 map_flag_anglosaxon11 0.500000 0 0 0 0 0


map_flag_anglosaxon12 0 map_flag_anglosaxon12 0.500000 0 0 0 0 0


map_flag_anglosaxon13 0 map_flag_anglosaxon13 0.500000 0 0 0 0 0


map_flag_anglosaxon14 0 map_flag_anglosaxon14 0.500000 0 0 0 0 0


map_flag_anglosaxon15 0 map_flag_anglosaxon15 0.500000 0 0 0 0 0


map_flag_anglosaxon16 0 map_flag_anglosaxon16 0.500000 0 0 0 0 0


map_flag_anglosaxon17 0 map_flag_anglosaxon17 0.500000 0 0 0 0 0


map_flag_anglosaxon18 0 map_flag_anglosaxon18 0.500000 0 0 0 0 0


map_flag_anglosaxon19 0 map_flag_anglosaxon19 0.500000 0 0 0 0 0


map_flag_anglosaxon20 0 map_flag_anglosaxon20 0.500000 0 0 0 0 0


map_flag_anglosaxon21 0 map_flag_anglosaxon21 0.500000 0 0 0 0 0


map_flag_anglosaxon201 0 map_flag_anglosaxon201 0.500000 0 0 0 0 0


map_flag_anglosaxon202 0 map_flag_anglosaxon202 0.500000 0 0 0 0 0


map_flag_anglosaxon203 0 map_flag_anglosaxon203 0.500000 0 0 0 0 0


map_flag_anglosaxon204 0 map_flag_anglosaxon204 0.500000 0 0 0 0 0


map_flag_briton01 0 map_flag_briton01 0.500000 0 0 0 0 0


map_flag_briton02 0 map_flag_briton02 0.500000 0 0 0 0 0


map_flag_briton03 0 map_flag_briton03 0.500000 0 0 0 0 0


map_flag_briton04 0 map_flag_briton04 0.500000 0 0 0 0 0


map_flag_briton05 0 map_flag_briton05 0.500000 0 0 0 0 0


map_flag_briton06 0 map_flag_briton06 0.500000 0 0 0 0 0


map_flag_briton07 0 map_flag_briton07 0.500000 0 0 0 0 0


map_flag_briton08 0 map_flag_briton08 0.500000 0 0 0 0 0


map_flag_briton09 0 map_flag_briton09 0.500000 0 0 0 0 0


map_flag_briton10 0 map_flag_briton10 0.500000 0 0 0 0 0


map_flag_briton11 0 map_flag_briton11 0.500000 0 0 0 0 0


map_flag_briton12 0 map_flag_briton12 0.500000 0 0 0 0 0


map_flag_briton13 0 map_flag_briton13 0.500000 0 0 0 0 0


map_flag_briton14 0 map_flag_briton14 0.500000 0 0 0 0 0


map_flag_briton15 0 map_flag_briton15 0.500000 0 0 0 0 0


map_flag_briton16 0 map_flag_briton16 0.500000 0 0 0 0 0


map_flag_briton17 0 map_flag_briton17 0.500000 0 0 0 0 0


map_flag_briton18 0 map_flag_briton18 0.500000 0 0 0 0 0


map_flag_briton19 0 map_flag_briton19 0.500000 0 0 0 0 0


map_flag_briton20 0 map_flag_briton20 0.500000 0 0 0 0 0


map_flag_briton21 0 map_flag_briton21 0.500000 0 0 0 0 0


map_flag_briton201 0 map_flag_briton201 0.500000 0 0 0 0 0


map_flag_briton202 0 map_flag_briton202 0.500000 0 0 0 0 0


map_flag_briton203 0 map_flag_briton203 0.500000 0 0 0 0 0


map_flag_briton204 0 map_flag_briton204 0.500000 0 0 0 0 0


map_flag_briton205 0 map_flag_briton205 0.500000 0 0 0 0 0


map_flag_briton206 0 map_flag_briton206 0.500000 0 0 0 0 0


map_flag_briton207 0 map_flag_briton207 0.500000 0 0 0 0 0


map_flag_briton208 0 map_flag_briton208 0.500000 0 0 0 0 0


map_flag_briton209 0 map_flag_briton209 0.500000 0 0 0 0 0


map_flag_briton210 0 map_flag_briton210 0.500000 0 0 0 0 0


map_flag_briton211 0 map_flag_briton211 0.500000 0 0 0 0 0


map_flag_briton212 0 map_flag_briton212 0.500000 0 0 0 0 0


map_flag_briton213 0 map_flag_briton213 0.500000 0 0 0 0 0


map_flag_briton214 0 map_flag_briton214 0.500000 0 0 0 0 0


map_flag_briton215 0 map_flag_briton215 0.500000 0 0 0 0 0


map_flag_briton216 0 map_flag_briton216 0.500000 0 0 0 0 0


map_flag_briton217 0 map_flag_briton217 0.500000 0 0 0 0 0


map_flag_briton218 0 map_flag_briton218 0.500000 0 0 0 0 0


map_flag_briton219 0 map_flag_briton219 0.500000 0 0 0 0 0


map_flag_briton220 0 map_flag_briton220 0.500000 0 0 0 0 0


map_flag_briton221 0 map_flag_briton221 0.500000 0 0 0 0 0


map_flag_irish01 0 map_flag_irish01 0.500000 0 0 0 0 0


map_flag_irish02 0 map_flag_irish02 0.500000 0 0 0 0 0


map_flag_irish03 0 map_flag_irish03 0.500000 0 0 0 0 0


map_flag_irish04 0 map_flag_irish04 0.500000 0 0 0 0 0


map_flag_irish05 0 map_flag_irish05 0.500000 0 0 0 0 0


map_flag_irish06 0 map_flag_irish06 0.500000 0 0 0 0 0


map_flag_irish07 0 map_flag_irish07 0.500000 0 0 0 0 0


map_flag_irish08 0 map_flag_irish08 0.500000 0 0 0 0 0


map_flag_irish09 0 map_flag_irish09 0.500000 0 0 0 0 0


map_flag_irish10 0 map_flag_irish10 0.500000 0 0 0 0 0


map_flag_irish11 0 map_flag_irish11 0.500000 0 0 0 0 0


map_flag_irish12 0 map_flag_irish12 0.500000 0 0 0 0 0


map_flag_irish13 0 map_flag_irish13 0.500000 0 0 0 0 0


map_flag_irish14 0 map_flag_irish14 0.500000 0 0 0 0 0


map_flag_irish15 0 map_flag_irish15 0.500000 0 0 0 0 0


map_flag_irish16 0 map_flag_irish16 0.500000 0 0 0 0 0


map_flag_irish17 0 map_flag_irish17 0.500000 0 0 0 0 0


map_flag_irish18 0 map_flag_irish18 0.500000 0 0 0 0 0


map_flag_irish19 0 map_flag_irish19 0.500000 0 0 0 0 0


map_flag_irish20 0 map_flag_irish20 0.500000 0 0 0 0 0


map_flag_irish21 0 map_flag_irish21 0.500000 0 0 0 0 0


map_flag_irish201 0 map_flag_irish201 0.500000 0 0 0 0 0


map_flag_irish202 0 map_flag_irish202 0.500000 0 0 0 0 0


map_flag_irish203 0 map_flag_irish203 0.500000 0 0 0 0 0


map_flag_irish204 0 map_flag_irish204 0.500000 0 0 0 0 0


map_flag_irish205 0 map_flag_irish205 0.500000 0 0 0 0 0


map_flag_irish206 0 map_flag_irish206 0.500000 0 0 0 0 0


map_flag_irish207 0 map_flag_irish207 0.500000 0 0 0 0 0


map_flag_irish208 0 map_flag_irish208 0.500000 0 0 0 0 0


map_flag_irish209 0 map_flag_irish209 0.500000 0 0 0 0 0


map_flag_irish210 0 map_flag_irish210 0.500000 0 0 0 0 0


map_flag_irish211 0 map_flag_irish211 0.500000 0 0 0 0 0


map_flag_irish212 0 map_flag_irish212 0.500000 0 0 0 0 0


map_flag_irish213 0 map_flag_irish213 0.500000 0 0 0 0 0


map_flag_pict01 0 map_flag_pict01 0.500000 0 0 0 0 0


map_flag_pict02 0 map_flag_pict02 0.500000 0 0 0 0 0


map_flag_pict03 0 map_flag_pict03 0.500000 0 0 0 0 0


map_flag_pict04 0 map_flag_pict04 0.500000 0 0 0 0 0


map_flag_pict05 0 map_flag_pict05 0.500000 0 0 0 0 0


map_flag_pict06 0 map_flag_pict06 0.500000 0 0 0 0 0


map_flag_pict07 0 map_flag_pict07 0.500000 0 0 0 0 0


map_flag_pict08 0 map_flag_pict08 0.500000 0 0 0 0 0


map_flag_viking01 0 map_flag_viking01 0.500000 0 0 0 0 0


map_flag_viking02 0 map_flag_viking02 0.500000 0 0 0 0 0


map_flag_viking03 0 map_flag_viking03 0.500000 0 0 0 0 0


map_flag_viking04 0 map_flag_viking04 0.500000 0 0 0 0 0


map_flag_viking05 0 map_flag_viking05 0.500000 0 0 0 0 0


map_flag_viking06 0 map_flag_viking06 0.500000 0 0 0 0 0


map_flag_viking07 0 map_flag_viking07 0.500000 0 0 0 0 0


map_flag_viking08 0 map_flag_viking08 0.500000 0 0 0 0 0


map_flag_viking09 0 map_flag_viking09 0.500000 0 0 0 0 0


map_flag_viking10 0 map_flag_viking10 0.500000 0 0 0 0 0


map_flag_viking11 0 map_flag_viking11 0.500000 0 0 0 0 0


map_flag_viking12 0 map_flag_viking12 0.500000 0 0 0 0 0


map_flag_viking13 0 map_flag_viking13 0.500000 0 0 0 0 0


map_flag_viking14 0 map_flag_viking14 0.500000 0 0 0 0 0


map_flag_viking15 0 map_flag_viking15 0.500000 0 0 0 0 0


map_flag_viking16 0 map_flag_viking16 0.500000 0 0 0 0 0


map_flag_viking17 0 map_flag_viking17 0.500000 0 0 0 0 0


map_flag_viking18 0 map_flag_viking18 0.500000 0 0 0 0 0


map_flag_viking19 0 map_flag_viking19 0.500000 0 0 0 0 0


map_flag_viking20 0 map_flag_viking20 0.500000 0 0 0 0 0


map_flag_viking21 0 map_flag_viking21 0.500000 0 0 0 0 0


map_flag_viking201 0 map_flag_viking201 0.500000 0 0 0 0 0


map_flag_viking202 0 map_flag_viking202 0.500000 0 0 0 0 0


map_flag_viking203 0 map_flag_viking203 0.500000 0 0 0 0 0


map_flag_viking204 0 map_flag_viking204 0.500000 0 0 0 0 0


map_flag_viking205 0 map_flag_viking205 0.500000 0 0 0 0 0


map_flag_viking206 0 map_flag_viking206 0.500000 0 0 0 0 0


map_flag_viking207 0 map_flag_viking207 0.500000 0 0 0 0 0


map_flag_viking208 0 map_flag_viking208 0.500000 0 0 0 0 0


map_flag_viking209 0 map_flag_viking209 0.500000 0 0 0 0 0


map_flag_viking210 0 map_flag_viking210 0.500000 0 0 0 0 0


map_flag_viking211 0 map_flag_viking211 0.500000 0 0 0 0 0


map_flag_viking212 0 map_flag_viking212 0.500000 0 0 0 0 0


map_flag_viking213 0 map_flag_viking213 0.500000 0 0 0 0 0


map_flag_viking214 0 map_flag_viking214 0.500000 0 0 0 0 0


map_flag_viking215 0 map_flag_viking215 0.500000 0 0 0 0 0


map_flag_viking216 0 map_flag_viking216 0.500000 0 0 0 0 0


map_flag_kingdom_a 0 map_flag_kingdom_a 0.500000 0 0 0 0 0


map_flag_kingdom_b 0 map_flag_kingdom_b 0.500000 0 0 0 0 0


map_flag_kingdom_c 0 map_flag_kingdom_c 0.500000 0 0 0 0 0


map_flag_kingdom_d 0 map_flag_kingdom_d 0.500000 0 0 0 0 0


map_flag_kingdom_e 0 map_flag_kingdom_e 0.500000 0 0 0 0 0


map_flag_kingdom_f 0 map_flag_kingdom_f 0.500000 0 0 0 0 0


map_flag_kingdom_g 0 map_flag_kingdom_g 0.500000 0 0 0 0 0


map_flag_kingdom_h 0 map_flag_kingdom_h 0.500000 0 0 0 0 0


map_flag_kingdom_i 0 map_flag_kingdom_i 0.500000 0 0 0 0 0


map_flag_kingdom_j 0 map_flag_kingdom_j 0.500000 0 0 0 0 0


map_flag_kingdom_k 0 map_flag_kingdom_k 0.500000 0 0 0 0 0


map_flag_kingdom_l 0 map_flag_kingdom_l 0.500000 0 0 0 0 0


map_flag_kingdom_ll 0 map_flag_kingdom_ll 0.500000 0 0 0 0 0


map_flag_kingdom_m 0 map_flag_kingdom_m 0.500000 0 0 0 0 0


map_flag_kingdom_n 0 map_flag_kingdom_n 0.500000 0 0 0 0 0


map_flag_kingdom_o 0 map_flag_kingdom_o 0.500000 0 0 0 0 0


map_flag_kingdom_p 0 map_flag_kingdom_p 0.500000 0 0 0 0 0


map_flag_kingdom_q 0 map_flag_kingdom_q 0.500000 0 0 0 0 0


map_flag_kingdom_r 0 map_flag_kingdom_r 0.500000 0 0 0 0 0


map_flag_kingdom_s 0 map_flag_kingdom_s 0.500000 0 0 0 0 0


map_flag_kingdom_t 0 map_flag_kingdom_t 0.500000 0 0 0 0 0


map_flag_default 0 map_flag_extra207 0.500000 0 0 0 0 0


