partiesfile version 1
470 470
 1 0 0 p_main_party Main_Party 1048576 0 0 14 0 0 0 0 0 32.080000 -69.560000 32.080000 -69.560000 32.080000 -69.560000 0.0 1 0 1 0 0 
0.000000
 1 1 1 p_temp_party {!}temp_party 256 0 0 1 0 0 0 0 0 0.000000 0.000000 0.000000 0.000000 0.000000 0.000000 0.0 0 
0.000000
 1 2 2 p_camp_bandits {!}camp_bandits 256 0 0 2 0 0 0 0 0 1.000000 1.000000 1.000000 1.000000 1.000000 1.000000 0.0 1 3 3 0 0 
0.000000
 1 3 3 p_temp_party_2 {!}temp_party_2 256 0 0 1 0 0 0 0 0 0.000000 0.000000 0.000000 0.000000 0.000000 0.000000 0.0 0 
0.000000
 1 4 4 p_temp_casualties {!}casualties 256 0 0 3 0 0 0 0 0 1.000000 1.000000 1.000000 1.000000 1.000000 1.000000 0.0 0 
0.000000
 1 5 5 p_temp_casualties_2 {!}casualties 256 0 0 3 0 0 0 0 0 1.000000 1.000000 1.000000 1.000000 1.000000 1.000000 0.0 0 
0.000000
 1 6 6 p_temp_casualties_3 {!}casualties 256 0 0 3 0 0 0 0 0 1.000000 1.000000 1.000000 1.000000 1.000000 1.000000 0.0 0 
0.000000
 1 7 7 p_temp_wounded {!}enemies_wounded 256 0 0 3 0 0 0 0 0 1.000000 1.000000 1.000000 1.000000 1.000000 1.000000 0.0 0 
0.000000
 1 8 8 p_temp_killed {!}enemies_killed 256 0 0 3 0 0 0 0 0 1.000000 1.000000 1.000000 1.000000 1.000000 1.000000 0.0 0 
0.000000
 1 9 9 p_main_party_backup {!}_ 256 0 0 3 0 0 0 0 0 1.000000 1.000000 1.000000 1.000000 1.000000 1.000000 0.0 0 
0.000000
 1 10 10 p_encountered_party_backup {!}_ 256 0 0 3 0 0 0 0 0 1.000000 1.000000 1.000000 1.000000 1.000000 1.000000 0.0 0 
0.000000
 1 11 11 p_collective_friends_backup {!}_ 256 0 0 3 0 0 0 0 0 1.000000 1.000000 1.000000 1.000000 1.000000 1.000000 0.0 0 
0.000000
 1 12 12 p_player_casualties {!}_ 256 0 0 3 0 0 0 0 0 1.000000 1.000000 1.000000 1.000000 1.000000 1.000000 0.0 0 
0.000000
 1 13 13 p_enemy_casualties {!}_ 256 0 0 3 0 0 0 0 0 1.000000 1.000000 1.000000 1.000000 1.000000 1.000000 0.0 0 
0.000000
 1 14 14 p_ally_casualties {!}_ 256 0 0 3 0 0 0 0 0 1.000000 1.000000 1.000000 1.000000 1.000000 1.000000 0.0 0 
0.000000
 1 15 15 p_collective_enemy {!}collective_enemy 256 0 0 3 0 0 0 0 0 1.000000 1.000000 1.000000 1.000000 1.000000 1.000000 0.0 0 
0.000000
 1 16 16 p_collective_ally {!}collective_ally 256 0 0 3 0 0 0 0 0 1.000000 1.000000 1.000000 1.000000 1.000000 1.000000 0.0 0 
0.000000
 1 17 17 p_collective_friends {!}collective_ally 256 0 0 3 0 0 0 0 0 1.000000 1.000000 1.000000 1.000000 1.000000 1.000000 0.0 0 
0.000000
 1 18 18 p_total_enemy_casualties {!}_ 256 0 0 3 0 0 0 0 0 1.000000 1.000000 1.000000 1.000000 1.000000 1.000000 0.0 0 
0.000000
 1 19 19 p_routed_enemies {!}routed_enemies 256 0 0 3 0 0 0 0 0 1.000000 1.000000 1.000000 1.000000 1.000000 1.000000 0.0 0 
0.000000
 1 20 20 p_zendar Zendar 2114874 0 0 3 0 0 0 0 0 52.350000 -52.720000 52.350000 -52.720000 52.350000 -52.720000 0.0 0 
0.000000
 1 21 21 p_town_1 Cantwaraburh 4219961 0 0 3 0 0 0 170 170 74.200000 -249.100000 74.200000 -249.100000 74.200000 -249.100000 0.0 0 
2.967060
 1 22 22 p_town_2 Cippanhamm 4219961 0 0 3 0 0 0 260 260 -15.800000 -181.910000 -15.800000 -181.910000 -15.800000 -181.910000 0.0 0 
4.537856
 1 23 23 p_town_3 Eidynburh 4219960 0 0 3 0 0 0 320 320 48.000000 92.100000 48.000000 92.100000 48.000000 92.100000 0.0 0 
5.585054
 1 24 24 p_town_4 Ribe 4219960 0 0 3 0 0 0 70 70 228.000000 -142.000000 228.000000 -142.000000 228.000000 -142.000000 0.0 0 
1.221730
 1 25 25 p_town_5 Tunsberg 4219960 0 0 3 0 0 0 190 190 263.050000 89.050000 263.050000 89.050000 263.050000 89.050000 0.0 0 
3.316126
 1 26 26 p_town_6 Dun_Breatann 4219960 0 0 3 0 0 0 45 45 7.424640 107.568000 7.424640 107.568000 7.424640 107.568000 0.0 0 
0.785398
 1 27 27 p_town_7 Dubh_Linn 4219960 0 0 3 0 0 0 270 270 -78.000000 -3.000000 -78.000000 -3.000000 -78.000000 -3.000000 0.0 0 
4.712389
 1 28 28 p_town_8 Cirren_Ceaster 4219961 0 0 3 0 0 0 170 170 -4.340000 -168.610000 -4.340000 -168.610000 -4.340000 -168.610000 0.0 0 
2.967060
 1 29 29 p_town_9 Caer_Dyf 4219960 0 0 3 0 0 0 110 110 -56.500000 -161.500000 -56.500000 -161.500000 -56.500000 -161.500000 0.0 0 
1.919862
 1 30 30 p_town_10 Jorvik 4219961 0 0 3 0 0 0 310 310 55.570000 -43.050000 55.570000 -43.050000 55.570000 -43.050000 0.0 0 
5.410521
 1 31 31 p_town_11 Dorestad 4219960 0 0 3 0 0 0 310 310 197.906000 -253.064000 197.906000 -253.064000 197.906000 -253.064000 0.0 0 
5.410521
 1 32 32 p_town_12 Lundenwic 4219960 0 0 3 0 0 0 155 155 40.000000 -212.300000 40.000000 -212.300000 40.000000 -212.300000 0.0 0 
2.705260
 1 33 33 p_town_13 Ynys_Mon 4219960 0 0 3 0 0 0 105 105 -41.200000 -43.900000 -41.200000 -43.900000 -41.200000 -43.900000 0.0 0 
1.832596
 1 34 34 p_town_14 Dunwic 4219960 0 0 3 0 0 0 245 245 104.200000 -200.000000 104.200000 -200.000000 104.200000 -200.000000 0.0 0 
4.276057
 1 35 35 p_town_15 Scuin 4219961 0 0 3 0 0 0 0 0 30.440000 123.260000 30.440000 123.260000 30.440000 123.260000 0.0 0 
0.000000
 1 36 36 p_town_16 Witan_Ceaster 4219961 0 0 3 0 0 0 135 135 6.250000 -225.710000 6.250000 -225.710000 6.250000 -225.710000 0.0 0 
2.356194
 1 37 37 p_town_17 Bosvenegh 4219961 0 0 3 0 0 0 255 255 -98.200000 -187.320000 -98.200000 -187.320000 -98.200000 -187.320000 0.0 0 
4.450590
 1 38 38 p_town_18 Ceall_Cainnigh 4219961 0 0 3 0 0 0 135 135 -130.470000 -34.250000 -130.470000 -34.250000 -130.470000 -34.250000 0.0 0 
2.356194
 1 39 39 p_town_19 Cell_Rigmonaid 4219960 0 0 3 0 0 0 183 183 64.500000 95.900000 64.500000 95.900000 64.500000 95.900000 0.0 0 
3.193952
 1 40 40 p_town_20 Rath_Celtair 4219960 0 0 3 0 0 0 340 340 -40.500000 38.500000 -40.500000 38.500000 -40.500000 38.500000 0.0 0 
5.934119
 1 41 41 p_town_21 Maistiu 4219961 0 0 3 0 0 0 80 80 -100.140000 -19.550000 -100.140000 -19.550000 -100.140000 -19.550000 0.0 0 
1.396263
 1 42 42 p_town_22 Caer_Meguaidd 4219961 0 0 3 0 0 0 290 290 -20.970000 -92.590000 -20.970000 -92.590000 -20.970000 -92.590000 0.0 0 
5.061455
 1 43 43 p_town_23 Tomtun 4219961 0 0 3 0 0 0 90 90 21.700000 -100.880000 21.700000 -100.880000 21.700000 -100.880000 0.0 0 
1.570796
 1 44 44 p_town_24 Caiseal 4219961 0 0 3 0 0 0 290 290 -151.930000 -6.290000 -151.930000 -6.290000 -151.930000 -6.290000 0.0 0 
5.061455
 1 45 45 p_town_25 Aileach 4219960 0 0 3 0 0 0 50 50 -68.000000 118.200000 -68.000000 118.200000 -68.000000 118.200000 0.0 0 
0.872665
 1 46 46 p_town_26 Brycheiniog 4219961 0 0 3 0 0 0 125 125 -47.360000 -146.760000 -47.360000 -146.760000 -47.360000 -146.760000 0.0 0 
2.181662
 1 47 47 p_town_27 Bebbanburh 4219960 0 0 3 0 0 0 257 257 80.000000 13.860000 80.000000 13.860000 80.000000 13.860000 0.0 0 
4.485496
 1 48 48 p_town_28 Cruaghan 4219961 0 0 3 0 0 0 90 90 -135.170000 77.670000 -135.170000 77.670000 -135.170000 77.670000 0.0 0 
1.570796
 1 49 49 p_town_29 Temair 4219961 0 0 3 0 0 0 155 155 -100.850000 8.640000 -100.850000 8.640000 -100.850000 8.640000 0.0 0 
2.705260
 1 50 50 p_castle_1 Caer_Ligualid 4211770 0 0 3 0 0 0 50 50 27.950000 20.650000 27.950000 20.650000 27.950000 20.650000 0.0 0 
0.872665
 1 51 51 p_castle_2 Mame_Ceaster 4211770 0 0 3 0 0 0 75 75 26.840000 -40.930000 26.840000 -40.930000 26.840000 -40.930000 0.0 0 
1.308997
 1 52 52 p_castle_3 Donne_Ceaster 4211770 0 0 3 0 0 0 100 100 45.490000 -67.090000 45.490000 -67.090000 45.490000 -67.090000 0.0 0 
1.745329
 1 53 53 p_castle_4 Middelsburh 4211770 0 0 3 0 0 0 180 180 69.890000 -16.300000 69.890000 -16.300000 69.890000 -16.300000 0.0 0 
3.141593
 1 54 54 p_castle_5 Denisesburna 4211770 0 0 3 0 0 0 45 45 55.220000 13.010000 55.220000 13.010000 55.220000 13.010000 0.0 0 
0.785398
 1 55 55 p_castle_6 Ad_Gefrin 4211770 0 0 3 0 0 0 80 80 58.000000 58.230000 58.000000 58.230000 58.000000 58.230000 0.0 0 
1.396263
 1 56 56 p_castle_7 Din_Baer 4211770 0 0 3 0 0 0 45 45 70.300000 74.700000 70.300000 74.700000 70.300000 74.700000 0.0 0 
0.785398
 1 57 57 p_castle_8 Wicstun 4211770 0 0 3 0 0 0 30 30 77.290000 -70.550000 77.290000 -70.550000 77.290000 -70.550000 0.0 0 
0.523599
 1 58 58 p_castle_9 Snotingaham 4211770 0 0 3 0 0 0 15 15 27.270000 -126.240000 27.270000 -126.240000 27.270000 -126.240000 0.0 0 
0.261799
 1 59 59 p_castle_10 Lincylene 4211770 0 0 3 0 0 0 110 110 70.010000 -122.180000 70.010000 -122.180000 70.010000 -122.180000 0.0 0 
1.919862
 1 60 60 p_castle_11 Ham_Tune 4211770 0 0 3 0 0 0 75 75 35.480000 -169.020000 35.480000 -169.020000 35.480000 -169.020000 0.0 0 
1.308997
 1 61 61 p_castle_12 Hreapandun 4211770 0 0 3 0 0 0 95 95 30.540000 -84.940000 30.540000 -84.940000 30.540000 -84.940000 0.0 0 
1.658063
 1 62 62 p_castle_13 Oxenaforda 4211770 0 0 3 0 0 0 115 115 21.250000 -176.850000 21.250000 -176.850000 21.250000 -176.850000 0.0 0 
2.007129
 1 63 63 p_castle_14 Colne_Ceaster 4211770 0 0 3 0 0 0 90 90 67.200000 -211.490000 67.200000 -211.490000 67.200000 -211.490000 0.0 0 
1.570796
 1 64 64 p_castle_15 Gegnesburh 4211770 0 0 3 0 0 0 235 235 61.250000 -97.240000 61.250000 -97.240000 61.250000 -97.240000 0.0 0 
4.101524
 1 65 65 p_castle_16 Stanford 4211770 0 0 3 0 0 0 45 45 53.680000 -153.230000 53.680000 -153.230000 53.680000 -153.230000 0.0 0 
0.785398
 1 66 66 p_castle_17 Norwic 4211770 0 0 3 0 0 0 15 15 98.490000 -169.110000 98.490000 -169.110000 98.490000 -169.110000 0.0 0 
0.261799
 1 67 67 p_castle_18 Haegelisdun 4211770 0 0 3 0 0 0 300 300 82.730000 -182.570000 82.730000 -182.570000 82.730000 -182.570000 0.0 0 
5.235988
 1 68 68 p_castle_19 Rendlaesburh 4211770 0 0 3 0 0 0 280 280 82.070000 -211.140000 82.070000 -211.140000 82.070000 -211.140000 0.0 0 
4.886922
 1 69 69 p_castle_20 Grantebrycge 4211770 0 0 3 0 0 0 260 260 60.900000 -178.340000 60.900000 -178.340000 60.900000 -178.340000 0.0 0 
4.537856
 1 70 70 p_castle_21 Hrofae_Ceaster 4211770 0 0 3 0 0 0 180 180 43.918300 -228.496000 43.918300 -228.496000 43.918300 -228.496000 0.0 0 
3.141593
 1 71 71 p_castle_22 Dornwara_Ceaster 4211770 0 0 3 0 0 0 260 260 -45.090000 -210.960000 -45.090000 -210.960000 -45.090000 -210.960000 0.0 0 
4.537856
 1 72 72 p_castle_23 Searoburh 4211770 0 0 3 0 0 0 80 80 -32.210000 -204.580000 -32.210000 -204.580000 -32.210000 -204.580000 0.0 0 
1.396263
 1 73 73 p_castle_24 Dorce_Ceaster 4211770 0 0 3 0 0 0 240 240 17.150000 -196.720000 17.150000 -196.720000 17.150000 -196.720000 0.0 0 
4.188790
 1 74 74 p_castle_25 Wiltun 4211770 0 0 3 0 0 0 260 260 -43.740000 -193.800000 -43.740000 -193.800000 -43.740000 -193.800000 0.0 0 
4.537856
 1 75 75 p_castle_26 Ham_Tun 4211770 0 0 3 0 0 0 260 260 -11.440000 -223.970000 -11.440000 -223.970000 -11.440000 -223.970000 0.0 0 
4.537856
 1 76 76 p_castle_27 Badon 4211770 0 0 3 0 0 0 260 260 -28.930000 -175.920000 -28.930000 -175.920000 -28.930000 -175.920000 0.0 0 
4.537856
 1 77 77 p_castle_28 Escan_Ceaster 4211770 0 0 3 0 0 0 60 60 -80.130000 -204.770000 -80.130000 -204.770000 -80.130000 -204.770000 0.0 0 
1.047198
 1 78 78 p_castle_29 Towan_Blystra 4211771 0 0 3 0 0 0 60 60 -125.810000 -196.740000 -125.810000 -196.740000 -125.810000 -196.740000 0.0 0 
1.047198
 1 79 79 p_castle_30 Din_Tagell 4211771 0 0 3 0 0 0 260 260 -112.980000 -184.800000 -112.980000 -184.800000 -112.980000 -184.800000 0.0 0 
4.537856
 1 80 80 p_castle_31 Cathures 4211771 0 0 3 0 0 0 260 260 21.550000 97.590000 21.550000 97.590000 21.550000 97.590000 0.0 0 
4.537856
 1 81 81 p_castle_32 Cuil_nam 4211771 0 0 3 0 0 0 260 260 14.840000 56.680000 14.840000 56.680000 14.840000 56.680000 0.0 0 
4.537856
 1 82 82 p_castle_33 Caer_Caradawg 4211771 0 0 3 0 0 0 80 80 35.480000 82.900000 35.480000 82.900000 35.480000 82.900000 0.0 0 
1.396263
 1 83 83 p_castle_34 Gobhann 4211771 0 0 3 0 0 0 260 260 7.210000 74.610000 7.210000 74.610000 7.210000 74.610000 0.0 0 
4.537856
 1 84 84 p_castle_35 Dun_Duim 4211771 0 0 3 0 0 0 260 260 39.890000 135.050000 39.890000 135.050000 39.890000 135.050000 0.0 0 
4.537856
 1 85 85 p_castle_36 Dun_Foither 4211771 0 0 3 0 0 0 260 260 93.370000 121.640000 93.370000 121.640000 93.370000 121.640000 0.0 0 
4.537856
 1 86 86 p_castle_37 Dun_Taruo 4211771 0 0 3 0 0 0 260 260 93.640000 178.180000 93.640000 178.180000 93.640000 178.180000 0.0 0 
4.537856
 1 87 87 p_castle_38 Dun_Averte 4211771 0 0 3 0 0 0 260 260 -6.620000 109.240000 -6.620000 109.240000 -6.620000 109.240000 0.0 0 
4.537856
 1 88 88 p_castle_39 Dun_Onlaigh 4211771 0 0 3 0 0 0 280 280 4.000000 152.700000 4.000000 152.700000 4.000000 152.700000 0.0 0 
4.886922
 1 89 89 p_castle_40 Art_Muirchol 4211771 0 0 3 0 0 0 260 260 12.300000 182.000000 12.300000 182.000000 12.300000 182.000000 0.0 0 
4.537856
 1 90 90 p_castle_41 Din_Bych 4211771 0 0 3 0 0 0 90 90 -82.880000 -119.870000 -82.880000 -119.870000 -82.880000 -119.870000 0.0 0 
1.570796
 1 91 91 p_castle_42 Dinas_Bran 4211771 0 0 3 0 0 0 120 120 -8.330000 -84.450000 -8.330000 -84.450000 -8.330000 -84.450000 0.0 0 
2.094395
 1 92 92 p_castle_43 Din_Arth 4211771 0 0 3 0 0 0 260 260 -6.330000 -58.630000 -6.330000 -58.630000 -6.330000 -58.630000 0.0 0 
4.537856
 1 93 93 p_castle_44 Din_Erth 4211771 0 0 3 0 0 0 260 260 -39.870000 -89.890000 -39.870000 -89.890000 -39.870000 -89.890000 0.0 0 
4.537856
 1 94 94 p_castle_45 Caer_Seniont 4211771 0 0 3 0 0 0 80 80 -37.850000 -60.740000 -37.850000 -60.740000 -37.850000 -60.740000 0.0 0 
1.396263
 1 95 95 p_castle_46 Caer_Sws 4211771 0 0 3 0 0 0 260 260 -26.960000 -112.050000 -26.960000 -112.050000 -26.960000 -112.050000 0.0 0 
4.537856
 1 96 96 p_castle_47 Meigen_Cil_Ceincoed 4211771 0 0 3 0 0 0 240 240 -45.930000 -164.450000 -45.930000 -164.450000 -45.930000 -164.450000 0.0 0 
4.188790
 1 97 97 p_castle_48 Caer_Went 4211771 0 0 3 0 0 0 260 260 -30.420000 -151.470000 -30.420000 -151.470000 -30.420000 -151.470000 0.0 0 
4.537856
 1 98 98 p_castle_49 Skyfa 4211770 0 0 3 0 0 0 315 315 247.110000 -72.430000 247.110000 -72.430000 247.110000 -72.430000 0.0 0 
5.497787
 1 99 99 p_castle_50 Vebjorg 4211770 0 0 3 0 0 0 260 260 274.417000 -50.447900 274.417000 -50.447900 274.417000 -50.447900 0.0 0 
4.537856
 1 100 100 p_castle_51 Huhelstath 4211770 0 0 3 0 0 0 60 60 249.626000 -183.222000 249.626000 -183.222000 249.626000 -183.222000 0.0 0 
1.047198
 1 101 101 p_castle_52 Heidabyr 4211770 0 0 3 0 0 0 20 20 262.713000 -202.548000 262.713000 -202.548000 262.713000 -202.548000 0.0 0 
0.349066
 1 102 102 p_castle_53 Skiringssalr 4211770 0 0 3 0 0 0 45 45 230.590000 94.000000 230.590000 94.000000 230.590000 94.000000 0.0 0 
0.785398
 1 103 103 p_castle_54 Hordaland 4211770 0 0 3 0 0 0 90 90 214.640000 214.770000 214.640000 214.770000 214.640000 214.770000 0.0 0 
1.570796
 1 104 104 p_castle_55 Agdir 4211770 0 0 3 0 0 0 135 135 214.880000 112.240000 214.880000 112.240000 214.880000 112.240000 0.0 0 
2.356194
 1 105 105 p_castle_56 Rogaland 4211770 0 0 3 0 0 0 90 90 203.670000 163.500000 203.670000 163.500000 203.670000 163.500000 0.0 0 
1.570796
 1 106 106 p_castle_57 Caer_Reghed 4211770 0 0 3 0 0 0 1 1 -2.990000 47.270000 -2.990000 47.270000 -2.990000 47.270000 0.0 0 
0.017453
 1 107 107 p_castle_58 Dun_Baitte 4211770 0 0 3 0 0 0 90 90 71.060000 197.470000 71.060000 197.470000 71.060000 197.470000 0.0 0 
1.570796
 1 108 108 p_castle_59 Ynys_Manaw 4211770 0 0 3 0 0 0 15 15 -17.040000 12.870000 -17.040000 12.870000 -17.040000 12.870000 0.0 0 
0.261799
 1 109 109 p_castle_60 Bjarnaroy 4211770 0 0 3 0 0 0 260 260 31.180000 267.130000 31.180000 267.130000 31.180000 267.130000 0.0 0 
4.537856
 1 110 110 p_castle_61 Orkneyjar 4211770 0 0 3 0 0 0 260 260 135.990000 261.100000 135.990000 261.100000 135.990000 261.100000 0.0 0 
4.537856
 1 111 111 p_castle_62 Veisafjordr 4211770 0 0 3 0 0 0 280 280 -114.750000 -58.000000 -114.750000 -58.000000 -114.750000 -58.000000 0.0 0 
4.886922
 1 112 112 p_castle_63 Kennemer 4211770 0 0 3 0 0 0 45 45 188.000000 -235.400000 188.000000 -235.400000 188.000000 -235.400000 0.0 0 
0.785398
 1 113 113 p_castle_64 Vles_Inge 4211770 0 0 3 0 0 0 215 215 165.690000 -260.980000 165.690000 -260.980000 165.690000 -260.980000 0.0 0 
3.752458
 1 114 114 p_castle_65 Dun_Sebuirge 4211770 0 0 3 0 0 0 10 10 -43.370000 101.900000 -43.370000 101.900000 -43.370000 101.900000 0.0 0 
0.174533
 1 115 115 p_castle_66 Magh_Rath 4211770 0 0 3 0 0 0 45 45 -48.010000 69.130000 -48.010000 69.130000 -48.010000 69.130000 0.0 0 
0.785398
 1 116 116 p_castle_67 Magh_Cobha 4211770 0 0 3 0 0 0 45 45 -57.360000 42.970000 -57.360000 42.970000 -57.360000 42.970000 0.0 0 
0.785398
 1 117 117 p_castle_68 Druim_Mor 4211770 0 0 3 0 0 0 45 45 -46.300000 49.120000 -46.300000 49.120000 -46.300000 49.120000 0.0 0 
0.785398
 1 118 118 p_castle_69 Rath_Clochair 4211770 0 0 3 0 0 0 90 90 -100.750000 86.860000 -100.750000 86.860000 -100.750000 86.860000 0.0 0 
1.570796
 1 119 119 p_castle_70 Fir_Fearnmhaigh 4211770 0 0 3 0 0 0 90 90 -84.490000 47.040000 -84.490000 47.040000 -84.490000 47.040000 0.0 0 
1.570796
 1 120 120 p_castle_71 Ard_Macha 4211770 0 0 3 0 0 0 90 90 -68.120000 53.470000 -68.120000 53.470000 -68.120000 53.470000 0.0 0 
1.570796
 1 121 121 p_castle_72 Mag_Dumai 4211770 0 0 3 0 0 0 45 45 -68.230000 71.090000 -68.230000 71.090000 -68.230000 71.090000 0.0 0 
0.785398
 1 122 122 p_castle_73 Ath_Mor 4211770 0 0 3 0 0 0 80 80 -130.110000 27.000000 -130.110000 27.000000 -130.110000 27.000000 0.0 0 
1.396263
 1 123 123 p_castle_74 Ard_Eachadha 4211770 0 0 3 0 0 0 80 80 -78.530000 25.290000 -78.530000 25.290000 -78.530000 25.290000 0.0 0 
1.396263
 1 124 124 p_castle_75 Ard_Breacain 4211770 0 0 3 0 0 0 80 80 -80.870000 9.270000 -80.870000 9.270000 -80.870000 9.270000 0.0 0 
1.396263
 1 125 125 p_castle_76 Lagore_Crannoc 4211770 0 0 3 0 0 0 80 80 -115.500000 12.000000 -115.500000 12.000000 -115.500000 12.000000 0.0 0 
1.396263
 1 126 126 p_castle_77 Cathair_Chomain 4211770 0 0 3 0 0 0 80 80 -161.990000 34.120000 -161.990000 34.120000 -161.990000 34.120000 0.0 0 
1.396263
 1 127 127 p_castle_78 Luighne_Connacht 4211770 0 0 3 0 0 0 80 80 -137.680000 100.310000 -137.680000 100.310000 -137.680000 100.310000 0.0 0 
1.396263
 1 128 128 p_castle_79 Fiachrach_Aidne 4211770 0 0 3 0 0 0 80 80 -153.840000 49.800000 -153.840000 49.800000 -153.840000 49.800000 0.0 0 
1.396263
 1 129 129 p_castle_80 Ath_Berchna 4211770 0 0 3 0 0 0 80 80 -132.180000 58.240000 -132.180000 58.240000 -132.180000 58.240000 0.0 0 
1.396263
 1 130 130 p_castle_81 Grian_Airbh 4211770 0 0 3 0 0 0 80 80 -150.670000 16.650000 -150.670000 16.650000 -150.670000 16.650000 0.0 0 
1.396263
 1 131 131 p_castle_82 Les_Mor 4211770 0 0 3 0 0 0 80 80 -142.610000 -45.150000 -142.610000 -45.150000 -142.610000 -45.150000 0.0 0 
1.396263
 1 132 132 p_castle_83 Ciarraighe_Luachra 4211770 0 0 3 0 0 0 80 80 -184.950000 7.240000 -184.950000 7.240000 -184.950000 7.240000 0.0 0 
1.396263
 1 133 133 p_castle_84 Muscraighe 4211770 0 0 3 0 0 0 80 80 -165.920000 -50.200000 -165.920000 -50.200000 -165.920000 -50.200000 0.0 0 
1.396263
 1 134 134 p_castle_85 Dun_Na_Mbarc 4211770 0 0 3 0 0 0 80 80 -202.180000 -35.210000 -202.180000 -35.210000 -202.180000 -35.210000 0.0 0 
1.396263
 1 135 135 p_castle_86 Cell_Dara 4211770 0 0 3 0 0 0 80 80 -106.750000 -4.850000 -106.750000 -4.850000 -106.750000 -4.850000 0.0 0 
1.396263
 1 136 136 p_castle_87 Liamhain 4211770 0 0 3 0 0 0 80 80 -94.140000 -9.710000 -94.140000 -9.710000 -94.140000 -9.710000 0.0 0 
1.396263
 1 137 137 p_castle_88 Dun_Bolg 4211770 0 0 3 0 0 0 80 80 -112.790000 -24.530000 -112.790000 -24.530000 -112.790000 -24.530000 0.0 0 
1.396263
 1 138 138 p_castle_89 Ros_Mhic_Treoin 4211770 0 0 3 0 0 0 80 80 -113.390000 -46.330000 -113.390000 -46.330000 -113.390000 -46.330000 0.0 0 
1.396263
 1 139 139 p_castle_90 Mairg_Laigen 4211770 0 0 3 0 0 0 80 80 -127.800000 -22.930000 -127.800000 -22.930000 -127.800000 -22.930000 0.0 0 
1.396263
 1 140 140 p_village_1 Ligualid_Ham 2114621 0 0 3 0 0 0 0 0 17.454900 4.537170 17.454900 4.537170 17.454900 4.537170 0.0 0 
1.745329
 1 141 141 p_village_2 Mame_Ham 2114621 0 0 3 0 0 0 0 0 17.058600 -31.698900 17.058600 -31.698900 17.058600 -31.698900 0.0 0 
1.919862
 1 142 142 p_village_3 Donne_Ham 2114621 0 0 3 0 0 0 0 0 53.615600 -76.331900 53.615600 -76.331900 53.615600 -76.331900 0.0 0 
2.094395
 1 143 143 p_village_4 Middels_Ham 2114621 0 0 3 0 0 0 0 0 83.672500 -32.201600 83.672500 -32.201600 83.672500 -32.201600 0.0 0 
2.268928
 1 144 144 p_village_5 Denises_Ham 2114621 0 0 3 0 0 0 0 0 45.100300 44.572700 45.100300 44.572700 45.100300 44.572700 0.0 0 
2.967060
 1 145 145 p_village_6 Ad_Gefrin_Ham 2114621 0 0 3 0 0 0 0 0 79.613900 57.534000 79.613900 57.534000 79.613900 57.534000 0.0 0 
1.745329
 1 146 146 p_village_7 Baer_Ham 2114621 0 0 3 0 0 0 0 0 42.287500 72.202800 42.287500 72.202800 42.287500 72.202800 0.0 0 
1.919862
 1 147 147 p_village_8 Wics_Ham 2114621 0 0 3 0 0 0 0 0 92.822800 -63.657400 92.822800 -63.657400 92.822800 -63.657400 0.0 0 
2.094395
 1 148 148 p_village_9 Snotingaham_South 2114621 0 0 3 0 0 0 0 0 23.281200 -143.003000 23.281200 -143.003000 23.281200 -143.003000 0.0 0 
2.268928
 1 149 149 p_village_10 Lincylene_Ham 2114621 0 0 3 0 0 0 0 0 80.094300 -102.567000 80.094300 -102.567000 80.094300 -102.567000 0.0 0 
2.967060
 1 150 150 p_village_11 Ham 2114621 0 0 3 0 0 0 0 0 36.843200 -154.837000 36.843200 -154.837000 36.843200 -154.837000 0.0 0 
0.785398
 1 151 151 p_village_12 Hreapan_Ham 2114621 0 0 3 0 0 0 0 0 31.359900 -71.130200 31.359900 -71.130200 31.359900 -71.130200 0.0 0 
1.919862
 1 152 152 p_village_13 Oxena_Ham 2114621 0 0 3 0 0 0 0 0 16.950100 -164.510000 16.950100 -164.510000 16.950100 -164.510000 0.0 0 
2.094395
 1 153 153 p_village_14 Colne_Ham 2114621 0 0 3 0 0 0 0 0 67.599200 -224.081000 67.599200 -224.081000 67.599200 -224.081000 0.0 0 
2.268928
 1 154 154 p_village_15 Gegnes_Ham 2114621 0 0 3 0 0 0 0 0 54.867500 -115.068000 54.867500 -115.068000 54.867500 -115.068000 0.0 0 
1.570796
 1 155 155 p_village_16 Stan_Ham 2114621 0 0 3 0 0 0 0 0 72.893700 -147.405000 72.893700 -147.405000 72.893700 -147.405000 0.0 0 
2.967060
 1 156 156 p_village_17 Nor_Ham 2114621 0 0 3 0 0 0 0 0 91.079000 -146.423000 91.079000 -146.423000 91.079000 -146.423000 0.0 0 
0.610865
 1 157 157 p_village_18 Haegelis_Ham 2114621 0 0 3 0 0 0 0 0 77.178200 -163.037000 77.178200 -163.037000 77.178200 -163.037000 0.0 0 
3.141593
 1 158 158 p_village_19 Rendlaesham 2114621 0 0 3 0 0 0 0 0 77.406800 -194.170000 77.406800 -194.170000 77.406800 -194.170000 0.0 0 
2.967060
 1 159 159 p_village_20 Grante_Ham 2114621 0 0 3 0 0 0 0 0 64.705300 -194.295000 64.705300 -194.295000 64.705300 -194.295000 0.0 0 
2.967060
 1 160 160 p_village_21 Hrofae_Ham 2114621 0 0 3 0 0 0 0 0 29.749500 -243.104000 29.749500 -243.104000 29.749500 -243.104000 0.0 0 
1.745329
 1 161 161 p_village_22 Dornwara_Ham 2114621 0 0 3 0 0 0 0 0 -41.266800 -224.739000 -41.266800 -224.739000 -41.266800 -224.739000 0.0 0 
1.919862
 1 162 162 p_village_23 Searo_Ham 2114621 0 0 3 0 0 0 0 0 -24.315100 -223.316000 -24.315100 -223.316000 -24.315100 -223.316000 0.0 0 
2.094395
 1 163 163 p_village_24 Dorce_Ham 2114621 0 0 3 0 0 0 0 0 -0.773833 -192.456000 -0.773833 -192.456000 -0.773833 -192.456000 0.0 0 
2.268928
 1 164 164 p_village_25 Wil_Ham 2114621 0 0 3 0 0 0 0 0 -66.339800 -204.004000 -66.339800 -204.004000 -66.339800 -204.004000 0.0 0 
2.967060
 1 165 165 p_village_26 Ham_Ham 2114621 0 0 3 0 0 0 0 0 -6.295490 -210.624000 -6.295490 -210.624000 -6.295490 -210.624000 0.0 0 
2.967060
 1 166 166 p_village_27 Badon_Ham 2114621 0 0 3 0 0 0 0 0 -38.176200 -184.280000 -38.176200 -184.280000 -38.176200 -184.280000 0.0 0 
2.967060
 1 167 167 p_village_28 Escan_Ham 2114621 0 0 3 0 0 0 0 0 -86.275900 -217.291000 -86.275900 -217.291000 -86.275900 -217.291000 0.0 0 
2.967060
 1 168 168 p_village_29 Tref_Towan 2114621 0 0 3 0 0 0 0 0 -132.893000 -207.111000 -132.893000 -207.111000 -132.893000 -207.111000 0.0 0 
2.967060
 1 169 169 p_village_30 Tref_Tagell 2114621 0 0 3 0 0 0 0 0 -109.755000 -199.918000 -109.755000 -199.918000 -109.755000 -199.918000 0.0 0 
2.967060
 1 170 170 p_village_31 Tref_Cathures 2114621 0 0 3 0 0 0 0 0 33.227200 108.101000 33.227200 108.101000 33.227200 108.101000 0.0 0 
1.745329
 1 171 171 p_village_32 Tref_Cuil 2114621 0 0 3 0 0 0 0 0 7.727470 46.008700 7.727470 46.008700 7.727470 46.008700 0.0 0 
1.919862
 1 172 172 p_village_33 Tref_Caradawg 2114621 0 0 3 0 0 0 0 0 31.465400 73.702600 31.465400 73.702600 31.465400 73.702600 0.0 0 
2.094395
 1 173 173 p_village_34 Tref_Gob 2114621 0 0 3 0 0 0 0 0 25.703100 65.267400 25.703100 65.267400 25.703100 65.267400 0.0 0 
2.268928
 1 174 174 p_village_35 Bal_Duim 2114621 0 0 3 0 0 0 0 0 64.271300 145.446000 64.271300 145.446000 64.271300 145.446000 0.0 0 
2.967060
 1 175 175 p_village_36 Bal_Foither 2114621 0 0 3 0 0 0 0 0 112.381000 143.615000 112.381000 143.615000 112.381000 143.615000 0.0 0 
1.396263
 1 176 176 p_village_37 Bal_Tauro 2114621 0 0 3 0 0 0 0 0 120.284000 165.089000 120.284000 165.089000 120.284000 165.089000 0.0 0 
1.570796
 1 177 177 p_village_38 Bal_Averte 2114621 0 0 3 0 0 0 0 0 -19.685300 95.617700 -19.685300 95.617700 -19.685300 95.617700 0.0 0 
2.967060
 1 178 178 p_village_39 Bal_Onlaigh 2114621 0 0 3 0 0 0 0 0 26.859200 159.297000 26.859200 159.297000 26.859200 159.297000 0.0 0 
0.785398
 1 179 179 p_village_40 Bal_Muirchol 2114621 0 0 3 0 0 0 0 0 18.811000 210.537000 18.811000 210.537000 18.811000 210.537000 0.0 0 
2.967060
 1 180 180 p_village_41 Tref_Bych 2114621 0 0 3 0 0 0 0 0 -65.737300 -105.313000 -65.737300 -105.313000 -65.737300 -105.313000 0.0 0 
1.745329
 1 181 181 p_village_42 Tref_Bran 2114621 0 0 3 0 0 0 0 0 6.310470 -78.252600 6.310470 -78.252600 6.310470 -78.252600 0.0 0 
1.919862
 1 182 182 p_village_43 Tref_Arth 2114621 0 0 3 0 0 0 0 0 16.398700 -59.464500 16.398700 -59.464500 16.398700 -59.464500 0.0 0 
2.094395
 1 183 183 p_village_44 Tref_Erth 2114621 0 0 3 0 0 0 0 0 -43.338300 -102.872000 -43.338300 -102.872000 -43.338300 -102.872000 0.0 0 
2.268928
 1 184 184 p_village_45 Tref_Seniont 2114621 0 0 3 0 0 0 0 0 -25.508200 -66.985500 -25.508200 -66.985500 -25.508200 -66.985500 0.0 0 
2.967060
 1 185 185 p_village_46 Tref_Sws 2114621 0 0 3 0 0 0 0 0 -20.728800 -126.022000 -20.728800 -126.022000 -20.728800 -126.022000 0.0 0 
4.537856
 1 186 186 p_village_47 Tref_Ceincoed 2114621 0 0 3 0 0 0 0 0 -30.074600 -164.400000 -30.074600 -164.400000 -30.074600 -164.400000 0.0 0 
1.570796
 1 187 187 p_village_48 Tref_Went 2114621 0 0 3 0 0 0 0 0 -17.173600 -142.211000 -17.173600 -142.211000 -17.173600 -142.211000 0.0 0 
3.141593
 1 188 188 p_village_49 Skyfa_By 2114621 0 0 3 0 0 0 0 0 254.962000 -91.759600 254.962000 -91.759600 254.962000 -91.759600 0.0 0 
0.174533
 1 189 189 p_village_50 Vebjorg_By 2114621 0 0 3 0 0 0 0 0 248.356000 -43.211400 248.356000 -43.211400 248.356000 -43.211400 0.0 0 
4.188790
 1 190 190 p_village_51 Huhelstath_By 2114621 0 0 3 0 0 0 0 0 236.000000 -168.300000 236.000000 -168.300000 236.000000 -168.300000 0.0 0 
1.745329
 1 191 191 p_village_52 Heida_By 2114621 0 0 3 0 0 0 0 0 241.483000 -200.110000 241.483000 -200.110000 241.483000 -200.110000 0.0 0 
1.919862
 1 192 192 p_village_53 Skiringssalr_By 2114621 0 0 3 0 0 0 0 0 218.590000 101.741000 218.590000 101.741000 218.590000 101.741000 0.0 0 
2.094395
 1 193 193 p_village_54 Horda_By 2114621 0 0 3 0 0 0 0 0 209.706000 194.353000 209.706000 194.353000 209.706000 194.353000 0.0 0 
2.268928
 1 194 194 p_village_55 Agdir_By 2114621 0 0 3 0 0 0 0 0 218.645000 137.113000 218.645000 137.113000 218.645000 137.113000 0.0 0 
2.967060
 1 195 195 p_village_56 Rogaland_By 2114621 0 0 3 0 0 0 0 0 224.058000 169.238000 224.058000 169.238000 224.058000 169.238000 0.0 0 
2.967060
 1 196 196 p_village_57 Tref_Reghed 2114621 0 0 3 0 0 0 0 0 -11.317700 64.584300 -11.317700 64.584300 -11.317700 64.584300 0.0 0 
1.570796
 1 197 197 p_village_58 Bal_Baitte 2114621 0 0 3 0 0 0 0 0 78.100000 217.700000 78.100000 217.700000 78.100000 217.700000 0.0 0 
2.967060
 1 198 198 p_village_59 Tref_Manaw 2114621 0 0 3 0 0 0 0 0 -15.210000 16.870000 -15.210000 16.870000 -15.210000 16.870000 0.0 0 
2.967060
 1 199 199 p_village_60 Bjarnaroy_By 2114621 0 0 3 0 0 0 0 0 -2.876090 246.643000 -2.876090 246.643000 -2.876090 246.643000 0.0 0 
2.967060
 1 200 200 p_village_61 Orkneyjar_By 2114621 0 0 3 0 0 0 0 0 121.290000 246.798000 121.290000 246.798000 121.290000 246.798000 0.0 0 
1.570796
 1 201 201 p_village_62 Veisa_By 2114621 0 0 3 0 0 0 0 0 -108.921000 -51.219000 -108.921000 -51.219000 -108.921000 -51.219000 0.0 0 
1.396263
 1 202 202 p_village_63 Kennemer_Terp 2114621 0 0 3 0 0 0 0 0 179.754000 -249.133000 179.754000 -249.133000 179.754000 -249.133000 0.0 0 
1.745329
 1 203 203 p_village_64 Vles_Inge_Terp 2114621 0 0 3 0 0 0 0 0 163.560000 -270.925000 163.560000 -270.925000 163.560000 -270.925000 0.0 0 
1.745329
 1 204 204 p_village_65 Bal_Sebuirge 2114621 0 0 3 0 0 0 0 0 -55.712400 91.853200 -55.712400 91.853200 -55.712400 91.853200 0.0 0 
1.745329
 1 205 205 p_village_66 Bal_Magh 2114621 0 0 3 0 0 0 0 0 -43.942700 80.140100 -43.942700 80.140100 -43.942700 80.140100 0.0 0 
1.745329
 1 206 206 p_village_67 Bal_Magh_Cobha 2114621 0 0 3 0 0 0 0 0 -68.673600 41.913000 -68.673600 41.913000 -68.673600 41.913000 0.0 0 
1.745329
 1 207 207 p_village_68 Bal_Mor_North 2114621 0 0 3 0 0 0 0 0 -44.131000 60.393500 -44.131000 60.393500 -44.131000 60.393500 0.0 0 
1.745329
 1 208 208 p_village_69 Bal_Clochair 2114621 0 0 3 0 0 0 0 0 -76.427000 90.887500 -76.427000 90.887500 -76.427000 90.887500 0.0 0 
0.785398
 1 209 209 p_village_70 Bal_Fearnmhaigh 2114621 0 0 3 0 0 0 0 0 -103.718000 58.752000 -103.718000 58.752000 -103.718000 58.752000 0.0 0 
1.745329
 1 210 210 p_village_71 Bal_Macha 2114621 0 0 3 0 0 0 0 0 -62.463300 64.916300 -62.463300 64.916300 -62.463300 64.916300 0.0 0 
4.188790
 1 211 211 p_village_72 Bal_Dumai 2114621 0 0 3 0 0 0 0 0 -90.824200 69.388500 -90.824200 69.388500 -90.824200 69.388500 0.0 0 
4.537856
 1 212 212 p_village_73 Bal_Mor_South 2114621 0 0 3 0 0 0 0 0 -118.115000 45.039200 -118.115000 45.039200 -118.115000 45.039200 0.0 0 
0.959931
 1 213 213 p_village_74 Bal_Eachadha 2114621 0 0 3 0 0 0 0 0 -93.075900 39.131200 -93.075900 39.131200 -93.075900 39.131200 0.0 0 
0.261799
 1 214 214 p_village_75 Bal_Breacain 2114621 0 0 3 0 0 0 0 0 -94.495200 11.791300 -94.495200 11.791300 -94.495200 11.791300 0.0 0 
0.174533
 1 215 215 p_village_76 Bal_Crannoc 2114621 0 0 3 0 0 0 0 0 -107.790000 34.760400 -107.790000 34.760400 -107.790000 34.760400 0.0 0 
0.610865
 1 216 216 p_village_77 Bal_Chomain 2114621 0 0 3 0 0 0 0 0 -187.738000 23.439200 -187.738000 23.439200 -187.738000 23.439200 0.0 0 
2.792527
 1 217 217 p_village_78 Bal_Luighne 2114621 0 0 3 0 0 0 0 0 -153.893000 111.609000 -153.893000 111.609000 -153.893000 111.609000 0.0 0 
3.141593
 1 218 218 p_village_79 Bal_Fiachrach_Aidne 2114621 0 0 3 0 0 0 0 0 -168.240000 70.162400 -168.240000 70.162400 -168.240000 70.162400 0.0 0 
0.000000
 1 219 219 p_village_80 Bal_Berchna 2114621 0 0 3 0 0 0 0 0 -144.820000 37.032100 -144.820000 37.032100 -144.820000 37.032100 0.0 0 
0.698132
 1 220 220 p_village_81 Bal_Grian_Airbh 2114621 0 0 3 0 0 0 0 0 -167.516000 14.446300 -167.516000 14.446300 -167.516000 14.446300 0.0 0 
0.349066
 1 221 221 p_village_82 Bal_Les_Mor 2114621 0 0 3 0 0 0 0 0 -148.521000 -29.312100 -148.521000 -29.312100 -148.521000 -29.312100 0.0 0 
1.570796
 1 222 222 p_village_83 Bal_Ciarraighe_Luachra 2114621 0 0 3 0 0 0 0 0 -195.530000 -2.019870 -195.530000 -2.019870 -195.530000 -2.019870 0.0 0 
0.959931
 1 223 223 p_village_84 Bal_Muscraighe 2114621 0 0 3 0 0 0 0 0 -181.322000 -39.591400 -181.322000 -39.591400 -181.322000 -39.591400 0.0 0 
3.141593
 1 224 224 p_village_85 Bal_Na_Mbarc 2114621 0 0 3 0 0 0 0 0 -179.254000 -21.565800 -179.254000 -21.565800 -179.254000 -21.565800 0.0 0 
0.174533
 1 225 225 p_village_86 Bal_Dara 2114621 0 0 3 0 0 0 0 0 -110.845000 -12.599200 -110.845000 -12.599200 -110.845000 -12.599200 0.0 0 
0.610865
 1 226 226 p_village_87 Bal_Liamhain 2114621 0 0 3 0 0 0 0 0 -82.259700 -10.444200 -82.259700 -10.444200 -82.259700 -10.444200 0.0 0 
2.792527
 1 227 227 p_village_88 Bal_Bolg 2114621 0 0 3 0 0 0 0 0 -114.956000 -34.831900 -114.956000 -34.831900 -114.956000 -34.831900 0.0 0 
3.141593
 1 228 228 p_village_89 Bal_Ros_Mhic_Treoin 2114621 0 0 3 0 0 0 0 0 -98.495300 -40.197500 -98.495300 -40.197500 -98.495300 -40.197500 0.0 0 
0.000000
 1 229 229 p_village_90 Bal_Mairg_Laigen 2114621 0 0 3 0 0 0 0 0 -123.369000 -8.996500 -123.369000 -8.996500 -123.369000 -8.996500 0.0 0 
0.698132
 1 230 230 p_village_91 Bal_Tara 2114621 0 0 3 0 0 0 0 0 -101.750000 1.160000 -101.750000 1.160000 -101.750000 1.160000 0.0 0 
0.349066
 1 231 231 p_village_92 Cantwara_Ham_North 2114621 0 0 3 0 0 0 0 0 59.732500 -243.232000 59.732500 -243.232000 59.732500 -243.232000 0.0 0 
0.785398
 1 232 232 p_village_93 Cantwara_Ham_South 2114621 0 0 3 0 0 0 0 0 56.553900 -260.188000 56.553900 -260.188000 56.553900 -260.188000 0.0 0 
0.959931
 1 233 233 p_village_94 Cippan_Ham_East 2114621 0 0 3 0 0 0 0 0 6.385850 -184.414000 6.385850 -184.414000 6.385850 -184.414000 0.0 0 
0.261799
 1 234 234 p_village_95 Cippan_Ham_West 2114621 0 0 3 0 0 0 0 0 -22.322100 -188.889000 -22.322100 -188.889000 -22.322100 -188.889000 0.0 0 
0.174533
 1 235 235 p_village_96 Eidyn_Ham_East 2114621 0 0 3 0 0 0 0 0 63.070700 81.065200 63.070700 81.065200 63.070700 81.065200 0.0 0 
1.570796
 1 236 236 p_village_97 Eidyn_Ham_West 2114621 0 0 3 0 0 0 0 0 33.332800 97.312500 33.332800 97.312500 33.332800 97.312500 0.0 0 
1.570796
 1 237 237 p_village_98 Ribe_By_North 2114621 0 0 3 0 0 0 0 0 230.231000 -110.984000 230.231000 -110.984000 230.231000 -110.984000 0.0 0 
3.141593
 1 238 238 p_village_99 Ribe_By_South 2114621 0 0 3 0 0 0 0 0 245.502000 -144.887000 245.502000 -144.887000 245.502000 -144.887000 0.0 0 
0.000000
 1 239 239 p_village_100 Tuns_By_East 2114621 0 0 3 0 0 0 0 0 270.837000 100.816000 270.837000 100.816000 270.837000 100.816000 0.0 0 
0.349066
 1 240 240 p_village_101 Tuns_By_West 2114621 0 0 3 0 0 0 0 0 247.475000 94.495200 247.475000 94.495200 247.475000 94.495200 0.0 0 
1.396263
 1 241 241 p_village_102 Tref_Breatann_East 2114621 0 0 3 0 0 0 0 0 17.152100 89.149000 17.152100 89.149000 17.152100 89.149000 0.0 0 
0.959931
 1 242 242 p_village_103 Tref_Breatann_West 2114621 0 0 3 0 0 0 0 0 5.900000 116.400000 5.900000 116.400000 5.900000 116.400000 0.0 0 
0.261799
 1 243 243 p_village_104 Dubh_Linn_By_North 2114621 0 0 3 0 0 0 0 0 -78.353500 5.459160 -78.353500 5.459160 -78.353500 5.459160 0.0 0 
0.174533
 1 244 244 p_village_105 Dubh_Linn_By_South 2114621 0 0 3 0 0 0 0 0 -90.935800 1.013000 -90.935800 1.013000 -90.935800 1.013000 0.0 0 
0.610865
 1 245 245 p_village_106 Tref_Dyf_East 2114621 0 0 3 0 0 0 0 0 -40.508000 -155.603000 -40.508000 -155.603000 -40.508000 -155.603000 0.0 0 
2.792527
 1 246 246 p_village_107 Tref_Dyf_West 2114621 0 0 3 0 0 0 0 0 -57.108400 -153.140000 -57.108400 -153.140000 -57.108400 -153.140000 0.0 0 
3.141593
 1 247 247 p_village_108 Eofer_Ham_East 2114621 0 0 3 0 0 0 0 0 76.837000 -46.700600 76.837000 -46.700600 76.837000 -46.700600 0.0 0 
0.000000
 1 248 248 p_village_109 Eofer_Ham_West 2114621 0 0 3 0 0 0 0 0 60.244900 -56.696300 60.244900 -56.696300 60.244900 -56.696300 0.0 0 
0.785398
 1 249 249 p_village_110 Dore_Hem_East 2114621 0 0 3 0 0 0 0 0 211.594000 -238.485000 211.594000 -238.485000 211.594000 -238.485000 0.0 0 
0.349066
 1 250 250 p_village_111 Dore_Hem_West 2114621 0 0 3 0 0 0 0 0 187.010000 -260.428000 187.010000 -260.428000 187.010000 -260.428000 0.0 0 
1.047198
 1 251 251 p_village_112 Lunden_Ham_North 2114621 0 0 3 0 0 0 0 0 48.447000 -198.463000 48.447000 -198.463000 48.447000 -198.463000 0.0 0 
0.959931
 1 252 252 p_village_113 Lunden_Ham_South 2114621 0 0 3 0 0 0 0 0 34.132400 -202.713000 34.132400 -202.713000 34.132400 -202.713000 0.0 0 
0.261799
 1 253 253 p_village_114 Tref_Mon_East 2114621 0 0 3 0 0 0 0 0 -22.441600 -53.755300 -22.441600 -53.755300 -22.441600 -53.755300 0.0 0 
0.174533
 1 254 254 p_village_115 Tref_Mon_West 2114621 0 0 3 0 0 0 0 0 -36.016000 -36.053100 -36.016000 -36.053100 -36.016000 -36.053100 0.0 0 
0.610865
 1 255 255 p_village_116 Dun_Ham_North 2114621 0 0 3 0 0 0 0 0 111.058000 -176.877000 111.058000 -176.877000 111.058000 -176.877000 0.0 0 
2.792527
 1 256 256 p_village_117 Dun_Ham_South 2114621 0 0 3 0 0 0 0 0 91.708100 -195.384000 91.708100 -195.384000 91.708100 -195.384000 0.0 0 
3.141593
 1 257 257 p_village_118 Bal_Scuin_East 2114621 0 0 3 0 0 0 0 0 54.027100 127.373000 54.027100 127.373000 54.027100 127.373000 0.0 0 
0.000000
 1 258 258 p_village_119 Bal_Scuin_West 2114621 0 0 3 0 0 0 0 0 8.023430 134.798000 8.023430 134.798000 8.023430 134.798000 0.0 0 
0.698132
 1 259 259 p_village_120 Witan_Ham_North 2114621 0 0 3 0 0 0 0 0 27.834300 -216.849000 27.834300 -216.849000 27.834300 -216.849000 0.0 0 
0.349066
 1 260 260 p_village_121 Witan_Ham_South 2114621 0 0 3 0 0 0 0 0 8.998770 -236.999000 8.998770 -236.999000 8.998770 -236.999000 0.0 0 
1.047198
 1 261 261 p_village_122 Tref_Bosvenegh_East 2114621 0 0 3 0 0 0 0 0 -81.250400 -183.498000 -81.250400 -183.498000 -81.250400 -183.498000 0.0 0 
0.959931
 1 262 262 p_village_123 Tref_Bosvenegh_West 2114621 0 0 3 0 0 0 0 0 -93.253300 -175.675000 -93.253300 -175.675000 -93.253300 -175.675000 0.0 0 
0.261799
 1 263 263 p_village_124 Bal_Cainnighn_North 2114621 0 0 3 0 0 0 0 0 -136.390000 -30.000000 -136.390000 -30.000000 -136.390000 -30.000000 0.0 0 
0.174533
 1 264 264 p_village_125 Bal_Cainnighn_South 2114621 0 0 3 0 0 0 0 0 -124.066000 -42.995200 -124.066000 -42.995200 -124.066000 -42.995200 0.0 0 
0.610865
 1 265 265 p_village_126 Bal_Rigmonaid_North 2114621 0 0 3 0 0 0 0 0 70.910000 122.950000 70.910000 122.950000 70.910000 122.950000 0.0 0 
2.792527
 1 266 266 p_village_127 Bal_Rigmonaid_South 2114621 0 0 3 0 0 0 0 0 57.770000 103.530000 57.770000 103.530000 57.770000 103.530000 0.0 0 
3.141593
 1 267 267 p_village_128 Bal_Celtair_East 2114621 0 0 3 0 0 0 0 0 -35.750000 46.650000 -35.750000 46.650000 -35.750000 46.650000 0.0 0 
0.000000
 1 268 268 p_village_129 Bal_Celtair_West 2114621 0 0 3 0 0 0 0 0 -56.766300 54.082400 -56.766300 54.082400 -56.766300 54.082400 0.0 0 
0.349066
 1 269 269 p_village_130 Bal_Maistiu_East 2114621 0 0 3 0 0 0 0 0 -84.361900 -19.754800 -84.361900 -19.754800 -84.361900 -19.754800 0.0 0 
1.047198
 1 270 270 p_village_131 Bal_Maistiu_West 2114621 0 0 3 0 0 0 0 0 -120.397000 -18.492300 -120.397000 -18.492300 -120.397000 -18.492300 0.0 0 
4.537856
 1 271 271 p_village_132 Tref_Meguaidd_East 2114621 0 0 3 0 0 0 0 0 -2.775830 -98.964600 -2.775830 -98.964600 -2.775830 -98.964600 0.0 0 
0.261799
 1 272 272 p_village_133 Tref_Meguaidd_West 2114621 0 0 3 0 0 0 0 0 -24.387800 -79.008700 -24.387800 -79.008700 -24.387800 -79.008700 0.0 0 
1.570796
 1 273 273 p_village_134 Tom_Ham_East 2114621 0 0 3 0 0 0 0 0 34.290000 -100.440000 34.290000 -100.440000 34.290000 -100.440000 0.0 0 
3.141593
 1 274 274 p_village_135 Tom_Ham_South 2114621 0 0 3 0 0 0 0 0 9.087530 -117.445000 9.087530 -117.445000 9.087530 -117.445000 0.0 0 
2.792527
 1 275 275 p_village_136 Bal_Caiseal_East 2114621 0 0 3 0 0 0 0 0 -138.380000 4.430000 -138.380000 4.430000 -138.380000 4.430000 0.0 0 
3.141593
 1 276 276 p_village_137 Bal_Caiseal_West 2114621 0 0 3 0 0 0 0 0 -166.000000 0.000000 -166.000000 0.000000 -166.000000 0.000000 0.0 0 
3.141593
 1 277 277 p_village_138 Bal_Aileach_East 2114621 0 0 3 0 0 0 0 0 -63.973100 106.144000 -63.973100 106.144000 -63.973100 106.144000 0.0 0 
0.698132
 1 278 278 p_village_139 Bal_Aileach_West 2114621 0 0 3 0 0 0 0 0 -105.483000 110.806000 -105.483000 110.806000 -105.483000 110.806000 0.0 0 
0.349066
 1 279 279 p_village_140 Tref_Brycheiniog_East 2114621 0 0 3 0 0 0 0 0 -38.943900 -133.000000 -38.943900 -133.000000 -38.943900 -133.000000 0.0 0 
1.047198
 1 280 280 p_village_141 Tref_Brycheiniog_West 2114621 0 0 3 0 0 0 0 0 -54.100400 -130.287000 -54.100400 -130.287000 -54.100400 -130.287000 0.0 0 
0.959931
 1 281 281 p_village_142 Bebban_Ham_North 2114621 0 0 3 0 0 0 0 0 78.001100 32.819000 78.001100 32.819000 78.001100 32.819000 0.0 0 
0.261799
 1 282 282 p_village_143 Bebban_Ham_South 2114621 0 0 3 0 0 0 0 0 72.422500 4.503000 72.422500 4.503000 72.422500 4.503000 0.0 0 
0.174533
 1 283 283 p_village_144 Bal_Cruaghan_East 2114621 0 0 3 0 0 0 0 0 -121.220000 88.520000 -121.220000 88.520000 -121.220000 88.520000 0.0 0 
0.610865
 1 284 284 p_village_145 Bal_Cruaghan_West 2114621 0 0 3 0 0 0 0 0 -154.406000 80.082400 -154.406000 80.082400 -154.406000 80.082400 0.0 0 
1.570796
 1 285 285 p_village_146 Bal_Temair_North 2114621 0 0 3 0 0 0 0 0 -94.568100 24.502300 -94.568100 24.502300 -94.568100 24.502300 0.0 0 
3.141593
 1 286 286 p_village_147 Bal_Temair_South 2114621 0 0 3 0 0 0 0 0 -112.800000 4.000000 -112.800000 4.000000 -112.800000 4.000000 0.0 0 
0.785398
 1 287 287 p_village_148 Cirren_Ham_East 2114621 0 0 3 0 0 0 0 0 7.677650 -175.956000 7.677650 -175.956000 7.677650 -175.956000 0.0 0 
3.141593
 1 288 288 p_village_149 Cirren_Ham_West 2114621 0 0 3 0 0 0 0 0 -20.671000 -165.569000 -20.671000 -165.569000 -20.671000 -165.569000 0.0 0 
0.785398
 1 289 289 p_village_150 Doccinga 2114621 0 0 3 0 0 0 0 0 198.091000 -218.998000 198.091000 -218.998000 198.091000 -218.998000 0.0 0 
0.785398
 1 290 290 p_salt_mine Salt_Mine 2114901 0 0 3 0 0 0 0 0 49.360000 -9.240000 49.360000 -9.240000 49.360000 -9.240000 0.0 0 
0.000000
 1 291 291 p_four_ways_inn Four_Ways_Inn 2114877 0 0 3 0 0 0 0 0 -153.730000 -337.100000 -153.730000 -337.100000 -153.730000 -337.100000 0.0 0 
0.000000
 1 292 292 p_test_scene test_scene 2114877 0 0 3 0 0 0 0 0 47.500000 -20.570000 47.500000 -20.570000 47.500000 -20.570000 0.0 0 
0.000000
 1 293 293 p_battlefields battlefields 2114877 0 0 3 0 0 0 0 0 34.670000 45.150000 34.670000 45.150000 34.670000 45.150000 0.0 0 
0.000000
 1 294 294 p_frisa_beach Friese_Beach 2114821 0 0 3 0 0 0 0 0 205.894000 -214.485000 205.894000 -214.485000 205.894000 -214.485000 0.0 0 
0.000000
 1 295 295 p_farmland Ulf's_Farmstead 2114910 0 0 3 0 0 0 0 0 252.880000 -76.220000 252.880000 -76.220000 252.880000 -76.220000 0.0 0 
0.000000
 1 296 296 p_boar_grove Boar_Grove 2114907 0 0 3 0 0 0 0 0 102.870000 -183.020000 102.870000 -183.020000 102.870000 -183.020000 0.0 0 
0.000000
 1 297 297 p_readingum Readingum 2114903 0 0 3 0 0 0 0 0 24.760000 -211.390000 24.760000 -211.390000 24.760000 -211.390000 0.0 9 1276 1 0 2 155 80 0 90 156 30 0 40 158 4 0 6 50 3 0 5 118 2 0 4 44 20 0 30 48 10 0 15 49 10 0 15 
0.000000
 1 298 298 p_aescesdun Aescesdun 2114907 0 0 20 0 0 0 0 0 5.860000 -206.640000 5.860000 -206.640000 5.860000 -206.640000 0.0 20 315 1 0 0 354 1 0 0 356 1 0 0 357 1 0 0 358 1 0 0 359 1 0 0 360 1 0 0 362 1 0 0 364 1 0 0 67 410 0 420 66 190 0 200 71 290 0 300 75 15 0 20 118 4 0 6 68 230 0 240 69 190 0 200 74 20 0 30 70 15 0 20 72 50 0 60 73 30 0 40 
0.000000
 1 299 299 p_mega_danishrmy Great_Summer_Army 2114841 0 0 23 0 0 0 0 0 0.000000 0.000000 0.000000 0.000000 0.000000 0.000000 0.0 20 318 1 0 0 393 1 0 0 382 1 0 0 383 1 0 0 388 1 0 0 389 1 0 0 390 1 0 0 391 1 0 0 392 1 0 0 43 300 0 310 41 190 0 200 47 250 0 260 50 15 0 20 118 4 0 6 44 180 0 190 45 140 0 150 42 50 0 60 46 15 0 20 48 80 0 90 49 50 0 60 
0.000000
 1 300 300 p_battle_stones Stone_Row 2114651 0 0 3 0 0 0 0 0 -18.360000 130.180000 -18.360000 130.180000 -18.360000 130.180000 0.0 0 
0.000000
 1 301 301 p_farmland_special Farmland 2114654 0 0 3 0 0 0 0 0 35.710000 60.760000 35.710000 60.760000 35.710000 60.760000 0.0 0 
0.000000
 1 302 302 p_roman_fort Roman_Fort 2114646 0 0 3 0 0 0 0 0 -70.460000 -193.200000 -70.460000 -193.200000 -70.460000 -193.200000 0.0 0 
0.000000
 1 303 303 p_troll_bridge The_Troll's_Bridge 2114653 0 0 3 0 0 0 0 0 256.750000 -115.720000 256.750000 -115.720000 256.750000 -115.720000 0.0 0 
0.000000
 1 304 304 p_circle_mystic1 Mystic_Circle 2114651 0 0 3 0 0 0 0 0 -197.620000 -9.950000 -197.620000 -9.950000 -197.620000 -9.950000 0.0 0 
0.000000
 1 305 305 p_celidon_forest Ancient_Stones 2114651 0 0 3 0 0 0 0 0 -31.290000 -70.480000 -31.290000 -70.480000 -31.290000 -70.480000 0.0 0 
0.000000
 1 306 306 p_hidden_valley Strange_Ruins 2114652 0 0 3 0 0 0 0 0 47.500000 -109.490000 47.500000 -109.490000 47.500000 -109.490000 0.0 0 
0.000000
 1 307 307 p_quarry1 Quarry 2114645 0 0 3 0 0 0 0 0 -135.460000 -12.310000 -135.460000 -12.310000 -135.460000 -12.310000 0.0 0 
0.000000
 1 308 308 p_quarry2 Quarry 2114645 0 0 3 0 0 0 0 0 40.040000 106.470000 40.040000 106.470000 40.040000 106.470000 0.0 0 
0.000000
 1 309 309 p_quarry3 Quarry 2114645 0 0 3 0 0 0 0 0 80.840000 236.860000 80.840000 236.860000 80.840000 236.860000 0.0 0 
0.000000
 1 310 310 p_quarry4 Quarry 2114645 0 0 3 0 0 0 0 0 -42.720000 -115.490000 -42.720000 -115.490000 -42.720000 -115.490000 0.0 0 
0.000000
 1 311 311 p_saltmine1 Salt_Mine 2114645 0 0 3 0 0 0 0 0 224.280000 -266.370000 224.280000 -266.370000 224.280000 -266.370000 0.0 0 
0.000000
 1 312 312 p_saltmine2 Salt_Mine 2114645 0 0 3 0 0 0 0 0 37.120000 -259.590000 37.120000 -259.590000 37.120000 -259.590000 0.0 0 
0.000000
 1 313 313 p_saltmine3 Salt_Mine 2114645 0 0 3 0 0 0 0 0 34.440000 -109.360000 34.440000 -109.360000 34.440000 -109.360000 0.0 0 
0.000000
 1 314 314 p_saltmine4 Salt_Mine 2114645 0 0 3 0 0 0 0 0 39.630000 -21.490000 39.630000 -21.490000 39.630000 -21.490000 0.0 0 
0.000000
 1 315 315 p_lumbercamp1 Lumber_Camp 2114655 0 0 3 0 0 0 0 0 247.970000 -103.640000 247.970000 -103.640000 247.970000 -103.640000 0.0 0 
0.000000
 1 316 316 p_lumbercamp2 Lumber_Camp 2114655 0 0 3 0 0 0 0 0 210.190000 130.730000 210.190000 130.730000 210.190000 130.730000 0.0 0 
0.000000
 1 317 317 p_lumbercamp3 Lumber_Camp 2114655 0 0 3 0 0 0 0 0 52.900000 172.630000 52.900000 172.630000 52.900000 172.630000 0.0 0 
0.000000
 1 318 318 p_lumbercamp4 Lumber_Camp 2114655 0 0 3 0 0 0 0 0 -106.820000 47.950000 -106.820000 47.950000 -106.820000 47.950000 0.0 0 
0.000000
 1 319 319 p_farmsteadsp1 Farmstead 2114654 0 0 3 0 0 0 0 0 201.610000 -272.420000 201.610000 -272.420000 201.610000 -272.420000 0.0 0 
0.000000
 1 320 320 p_farmsteadsp2 Farmstead 2114654 0 0 3 0 0 0 0 0 259.860000 -224.290000 259.860000 -224.290000 259.860000 -224.290000 0.0 0 
0.000000
 1 321 321 p_farmsteadsp3 Farmstead 2114654 0 0 3 0 0 0 0 0 238.480000 88.580000 238.480000 88.580000 238.480000 88.580000 0.0 0 
0.000000
 1 322 322 p_farmsteadsp4 Farmstead 2114654 0 0 3 0 0 0 0 0 7.930000 125.970000 7.930000 125.970000 7.930000 125.970000 0.0 0 
0.000000
 1 323 323 p_farmsteadsp5 Farmstead 2114654 0 0 3 0 0 0 0 0 60.390000 -5.100000 60.390000 -5.100000 60.390000 -5.100000 0.0 0 
0.000000
 1 324 324 p_farmsteadsp6 Farmstead 2114654 0 0 3 0 0 0 0 0 -71.270000 -118.850000 -71.270000 -118.850000 -71.270000 -118.850000 0.0 0 
0.000000
 1 325 325 p_farmsteadsp7 Farmstead 2114654 0 0 3 0 0 0 0 0 -77.840000 -165.710000 -77.840000 -165.710000 -77.840000 -165.710000 0.0 0 
0.000000
 1 326 326 p_farmsteadsp8 Farmstead 2114654 0 0 3 0 0 0 0 0 -156.010000 -24.200000 -156.010000 -24.200000 -156.010000 -24.200000 0.0 0 
0.000000
 1 327 327 p_farmsteadsp9 Farmstead 2114654 0 0 3 0 0 0 0 0 -85.470000 95.800000 -85.470000 95.800000 -85.470000 95.800000 0.0 0 
0.000000
 1 328 328 p_hadrian_wall1 Hadrian's_Wall 2114654 0 0 3 0 0 0 0 0 54.160000 33.880000 54.160000 33.880000 54.160000 33.880000 0.0 0 
0.000000
 1 329 329 p_bjorn_camp Bjorn's_Camp 2114902 0 0 3 0 0 0 0 0 38.200000 -121.050000 38.200000 -121.050000 38.200000 -121.050000 0.0 0 
0.000000
 1 330 330 p_snotingaham_siege Snotingaham_under_Siege 2114898 0 0 3 0 0 0 0 0 27.270000 -126.240000 27.270000 -126.240000 27.270000 -126.240000 0.0 0 
0.261799
 1 331 331 p_odin_cave Odin's_Cave 2114652 0 0 3 0 0 0 0 0 216.220000 220.940000 216.220000 220.940000 216.220000 220.940000 0.0 0 
0.000000
 1 332 332 p_stonemonumento Monument_of_Stones 2114907 0 0 3 0 0 0 0 0 8.260000 -141.930000 8.260000 -141.930000 8.260000 -141.930000 0.0 0 
0.000000
 1 333 333 p_forestbattle Forest_Battle 2114911 0 0 3 0 0 0 0 0 218.509000 -250.265000 218.509000 -250.265000 218.509000 -250.265000 0.0 0 
0.000000
 1 334 334 p_the_thing The_Assembly 2114907 0 0 3 0 0 0 0 0 231.330000 -135.220000 231.330000 -135.220000 231.330000 -135.220000 0.0 0 
0.000000
 1 335 335 p_dhorak_keep Dhorak_Keep 2639162 0 0 3 0 0 0 0 0 340.810000 -321.490000 340.810000 -321.490000 340.810000 -321.490000 0.0 0 
0.000000
 1 336 336 p_training_ground Training_Ground 2114927 0 0 3 0 0 0 0 0 -168.970000 68.350000 -168.970000 68.350000 -168.970000 68.350000 0.0 0 
0.000000
 1 337 337 p_training_ground_1 Training_Field 2119023 0 0 3 0 0 0 0 0 -95.160000 31.580000 -95.160000 31.580000 -95.160000 31.580000 0.0 0 
1.745329
 1 338 338 p_training_ground_2 Training_Village 2119023 0 0 3 0 0 0 0 0 -68.090000 -135.650000 -68.090000 -135.650000 -68.090000 -135.650000 0.0 0 
1.745329
 1 339 339 p_training_ground_3 Training_Field 2119023 0 0 3 0 0 0 0 0 -131.760000 28.410000 -131.760000 28.410000 -131.760000 28.410000 0.0 0 
1.745329
 1 340 340 p_training_ground_4 Training_Lake 2119023 0 0 3 0 0 0 0 0 32.830000 -235.410000 32.830000 -235.410000 32.830000 -235.410000 0.0 0 
1.745329
 1 341 341 p_training_ground_5 Training_Camp 2119023 0 0 3 0 0 0 0 0 42.750000 151.740000 42.750000 151.740000 42.750000 151.740000 0.0 0 
1.745329
 1 342 342 p_monasterio1 Ad_Candidam_Casam 2114620 0 0 3 0 0 0 0 0 10.030000 36.570000 10.030000 36.570000 10.030000 36.570000 0.0 0 
0.000000
 1 343 343 p_monasterio2 Willibrord 2114620 0 0 3 0 0 0 0 0 207.177000 -224.979000 207.177000 -224.979000 207.177000 -224.979000 0.0 0 
0.000000
 1 344 344 p_monasterio3 Dommoc 2114620 0 0 3 0 0 0 0 0 106.090000 -190.520000 106.090000 -190.520000 106.090000 -190.520000 0.0 0 
0.000000
 1 345 345 p_monasterio4 Lindisfarne 2114620 0 0 3 0 0 0 0 0 77.694800 8.288920 77.694800 8.288920 77.694800 8.288920 0.0 0 
0.000000
 1 346 346 p_monasterio5 Aporcrosan 2114620 0 0 3 0 0 0 0 0 32.760000 216.790000 32.760000 216.790000 32.760000 216.790000 0.0 0 
0.000000
 1 347 347 p_monasterio6 Petrus 2114620 0 0 3 0 0 0 0 0 81.030000 142.330000 81.030000 142.330000 81.030000 142.330000 0.0 0 
0.000000
 1 348 348 p_monasterio7 Apurnethige 2114620 0 0 3 0 0 0 0 0 44.790000 116.400000 44.790000 116.400000 44.790000 116.400000 0.0 0 
0.000000
 1 349 349 p_monasterio8 Llanteulyddog 2114620 0 0 3 0 0 0 0 0 -63.550000 -136.540000 -63.550000 -136.540000 -63.550000 -136.540000 0.0 0 
0.000000
 1 350 350 p_monasterio9 Ynys_Enlli 2114620 0 0 3 0 0 0 0 0 -48.420000 -61.260000 -48.420000 -61.260000 -48.420000 -61.260000 0.0 0 
0.000000
 1 351 351 p_monasterio10 Eveshomme 2114620 0 0 3 0 0 0 0 0 -0.190000 -121.290000 -0.190000 -121.290000 -0.190000 -121.290000 0.0 0 
0.000000
 1 352 352 p_monasterio11 Inderawuda 2114620 0 0 3 0 0 0 0 0 84.510000 -85.150000 84.510000 -85.150000 84.510000 -85.150000 0.0 0 
0.000000
 1 353 353 p_monasterio12 Hagustaldes 2114620 0 0 3 0 0 0 0 0 75.610000 44.630000 75.610000 44.630000 75.610000 44.630000 0.0 0 
0.000000
 1 354 354 p_monasterio13 Briudun 2114620 0 0 3 0 0 0 0 0 18.640000 -113.710000 18.640000 -113.710000 18.640000 -113.710000 0.0 0 
0.000000
 1 355 355 p_monasterio14 Gudlac 2114620 0 0 3 0 0 0 0 0 83.780000 -115.910000 83.780000 -115.910000 83.780000 -115.910000 0.0 0 
0.000000
 1 356 356 p_monasterio15 Wochingas 2114620 0 0 3 0 0 0 0 0 13.030000 -212.380000 13.030000 -212.380000 13.030000 -212.380000 0.0 0 
0.000000
 1 357 357 p_monasterio16 Clofesho 2114620 0 0 3 0 0 0 0 0 20.830000 -154.770000 20.830000 -154.770000 20.830000 -154.770000 0.0 0 
0.000000
 1 358 358 p_monasterio17 Waerburh 2114620 0 0 3 0 0 0 0 0 46.520000 -235.990000 46.520000 -235.990000 46.520000 -235.990000 0.0 0 
0.000000
 1 359 359 p_monasterio18 Derhurst 2114620 0 0 3 0 0 0 0 0 -19.850000 -150.940000 -19.850000 -150.940000 -19.850000 -150.940000 0.0 0 
0.000000
 1 360 360 p_monasterio19 Ythan 2114620 0 0 3 0 0 0 0 0 53.640000 -215.720000 53.640000 -215.720000 53.640000 -215.720000 0.0 0 
0.000000
 1 361 361 p_monasterio20 Petrockstow 2114620 0 0 3 0 0 0 0 0 -90.790000 -199.710000 -90.790000 -199.710000 -90.790000 -199.710000 0.0 0 
0.000000
 1 362 362 p_monasterio21 Medeshamstede 2114620 0 0 3 0 0 0 0 0 64.290000 -135.790000 64.290000 -135.790000 64.290000 -135.790000 0.0 0 
0.000000
 1 363 363 p_monasterio22 Cocheham 2114620 0 0 3 0 0 0 0 0 26.770000 -194.270000 26.770000 -194.270000 26.770000 -194.270000 0.0 0 
0.000000
 1 364 364 p_monasterio23 Patricius 2114620 0 0 3 0 0 0 0 0 -121.480000 80.360000 -121.480000 80.360000 -121.480000 80.360000 0.0 0 
0.000000
 1 365 365 p_monasterio24 Daire_Calgaich 2114620 0 0 3 0 0 0 0 0 -64.710000 91.830000 -64.710000 91.830000 -64.710000 91.830000 0.0 0 
0.000000
 1 366 366 p_monasterio25 Finian 2114620 0 0 3 0 0 0 0 0 -88.640000 32.770000 -88.640000 32.770000 -88.640000 32.770000 0.0 0 
0.000000
 1 367 367 p_monasterio26 Raithean 2114620 0 0 3 0 0 0 0 0 -131.110000 10.310000 -131.110000 10.310000 -131.110000 10.310000 0.0 0 
0.000000
 1 368 368 p_monasterio27 Carthach 2114620 0 0 3 0 0 0 0 0 -126.120000 -51.720000 -126.120000 -51.720000 -126.120000 -51.720000 0.0 0 
0.000000
 1 369 369 p_monasterio28 Scelic_Mhichi 2114620 0 0 3 0 0 0 0 0 -214.340000 15.090000 -214.340000 15.090000 -214.340000 15.090000 0.0 0 
0.000000
 1 370 370 p_monasterio29 Gleann_Da_Loch 2114620 0 0 3 0 0 0 0 0 -88.580000 -24.030000 -88.580000 -24.030000 -88.580000 -24.030000 0.0 0 
0.000000
 1 371 371 p_yourlair My_Refuge 21847 0 0 14 0 0 0 0 0 1.000000 1.000000 1.000000 1.000000 1.000000 1.000000 0.0 0 
0.000000
 1 372 372 p_thiaderd_lair Thiaderd's_Hideout 2123092 0 0 3 0 0 0 0 0 217.509000 -249.265000 217.509000 -249.265000 217.509000 -249.265000 0.0 0 
0.000000
 1 373 373 p_destroy1 Thiaderd's_Hideout,_Destroyed 2114883 0 0 3 0 0 0 0 0 218.509000 -250.265000 218.509000 -250.265000 218.509000 -250.265000 0.0 0 
0.000000
 1 374 374 p_destroy2 Sven's_Lair,_Destroyed 2114883 0 0 3 0 0 0 0 0 245.140000 -156.910000 245.140000 -156.910000 245.140000 -156.910000 0.0 0 
0.000000
 1 375 375 p_destroy3 Aescesdun_Battlefield 2114883 0 0 3 0 0 0 0 0 5.860000 -206.640000 5.860000 -206.640000 5.860000 -206.640000 0.0 0 
0.000000
 1 376 376 p_followers_camp Followers_Camp 256 0 0 1 0 0 0 0 0 0.000000 0.000000 0.000000 0.000000 0.000000 0.000000 0.0 0 
0.000000
 1 377 377 p_map_txt_laithlind {!}1 541811 0 0 3 0 0 0 0 0 80.530000 274.340000 80.530000 274.340000 80.530000 274.340000 0.0 0 
3.141593
 1 378 378 p_map_txt_alban {!}1 541812 0 0 3 0 0 0 0 0 110.830000 117.790000 110.830000 117.790000 110.830000 117.790000 0.0 0 
3.141593
 1 379 379 p_map_txt_altclut {!}1 541813 0 0 3 0 0 0 0 0 -15.510000 70.810000 -15.510000 70.810000 -15.510000 70.810000 0.0 0 
3.141593
 1 380 380 p_map_txt_norphymbra_1 {!}1 541814 0 0 3 0 0 0 0 0 104.630000 -10.920000 104.630000 -10.920000 104.630000 -10.920000 0.0 0 
3.141593
 1 381 381 p_map_txt_norphymbra_2 {!}1 541815 0 0 3 0 0 0 0 0 -0.080000 -11.860000 -0.080000 -11.860000 -0.080000 -11.860000 0.0 0 
3.141593
 1 382 382 p_map_txt_gwynedd_1 {!}1 541816 0 0 3 0 0 0 0 0 -70.090000 -87.820000 -70.090000 -87.820000 -70.090000 -87.820000 0.0 0 
3.141593
 1 383 383 p_map_txt_gwynedd_2 {!}1 541817 0 0 3 0 0 0 0 0 -88.410000 -138.360000 -88.410000 -138.360000 -88.410000 -138.360000 0.0 0 
3.141593
 1 384 384 p_map_txt_corniu_1 {!}1 541818 0 0 3 0 0 0 0 0 -122.800000 -171.350000 -122.800000 -171.350000 -122.800000 -171.350000 0.0 0 
3.141593
 1 385 385 p_map_txt_corniu_2 {!}1 541819 0 0 3 0 0 0 0 0 -122.500000 -225.290000 -122.500000 -225.290000 -122.500000 -225.290000 0.0 0 
3.141593
 1 386 386 p_map_txt_wessex {!}1 541820 0 0 3 0 0 0 0 0 13.940000 -265.660000 13.940000 -265.660000 13.940000 -265.660000 0.0 0 
3.141593
 1 387 387 p_map_txt_eastengla {!}1 541821 0 0 3 0 0 0 0 0 120.970000 -180.840000 120.970000 -180.840000 120.970000 -180.840000 0.0 0 
3.141593
 1 388 388 p_map_txt_mearce {!}1 541822 0 0 3 0 0 0 0 0 97.250000 -121.410000 97.250000 -121.410000 97.250000 -121.410000 0.0 0 
3.141593
 1 389 389 p_map_txt_aileach {!}1 541823 0 0 3 0 0 0 0 0 -84.040000 137.760000 -84.040000 137.760000 -84.040000 137.760000 0.0 0 
3.141593
 1 390 390 p_map_txt_connachta {!}1 541824 0 0 3 0 0 0 0 0 -189.750000 62.440000 -189.750000 62.440000 -189.750000 62.440000 0.0 0 
3.141593
 1 391 391 p_map_txt_meath {!}1 541825 0 0 3 0 0 0 0 0 -55.700000 15.790000 -55.700000 15.790000 -55.700000 15.790000 0.0 0 
3.141593
 1 392 392 p_map_txt_laigin {!}1 541826 0 0 3 0 0 0 0 0 -88.600000 -46.120000 -88.600000 -46.120000 -88.600000 -46.120000 0.0 0 
3.141593
 1 393 393 p_map_txt_mumain {!}1 541827 0 0 3 0 0 0 0 0 -181.770000 -64.160000 -181.770000 -64.160000 -181.770000 -64.160000 0.0 0 
3.141593
 1 394 394 p_map_txt_noregr {!}1 541828 0 0 3 0 0 0 0 0 215.480000 86.040000 215.480000 86.040000 215.480000 86.040000 0.0 0 
3.141593
 1 395 395 p_map_txt_danmork {!}1 541829 0 0 3 0 0 0 0 0 210.000000 -110.000000 210.000000 -110.000000 210.000000 -110.000000 0.0 0 
3.141593
 1 396 396 p_map_txt_frisa {!}1 541830 0 0 3 0 0 0 0 0 159.460000 -246.900000 159.460000 -246.900000 159.460000 -246.900000 0.0 0 
3.141593
 1 397 397 p_bridge_1 {!}1 541808 0 0 3 0 0 0 0 0 201.882000 -255.541000 201.882000 -255.541000 201.882000 -255.541000 0.0 0 
2.007129
 1 398 398 p_bridge_2 {!}2 541808 0 0 3 0 0 0 0 0 42.460000 -139.820000 42.460000 -139.820000 42.460000 -139.820000 0.0 0 
1.117011
 1 399 399 p_bridge_3 {!}3 541808 0 0 3 0 0 0 0 0 184.306000 -254.812000 184.306000 -254.812000 184.306000 -254.812000 0.0 0 
-0.087266
 1 400 400 p_bridge_4 {!}4 541808 0 0 3 0 0 0 0 0 8.020000 -195.330000 8.020000 -195.330000 8.020000 -195.330000 0.0 0 
1.570796
 1 401 401 p_bridge_5 {!}5 541808 0 0 3 0 0 0 0 0 26.190000 105.330000 26.190000 105.330000 26.190000 105.330000 0.0 0 
2.356194
 1 402 402 p_bridge_6 {!}6 541808 0 0 3 0 0 0 0 0 -101.990000 31.980000 -101.990000 31.980000 -101.990000 31.980000 0.0 0 
2.094395
 1 403 403 p_bridge_7 {!}7 541808 0 0 3 0 0 0 0 0 -57.970000 74.190000 -57.970000 74.190000 -57.970000 74.190000 0.0 0 
1.308997
 1 404 404 p_bridge_8 {!}8 541808 0 0 3 0 0 0 0 0 -62.470000 96.700000 -62.470000 96.700000 -62.470000 96.700000 0.0 0 
0.959931
 1 405 405 p_bridge_9 {!}9 541808 0 0 3 0 0 0 0 0 -49.249200 42.789600 -49.249200 42.789600 -49.249200 42.789600 0.0 0 
1.570796
 1 406 406 p_bridge_10 {!}10 541808 0 0 3 0 0 0 0 0 68.620000 40.450000 68.620000 40.450000 68.620000 40.450000 0.0 0 
0.610865
 1 407 407 p_bridge_11 {!}11 541808 0 0 3 0 0 0 0 0 57.550000 -69.620000 57.550000 -69.620000 57.550000 -69.620000 0.0 0 
1.570796
 1 408 408 p_bridge_12 {!}12 541808 0 0 3 0 0 0 0 0 36.740000 -163.930000 36.740000 -163.930000 36.740000 -163.930000 0.0 0 
2.356194
 1 409 409 p_bridge_13 {!}13 541808 0 0 3 0 0 0 0 0 -24.540000 -147.490000 -24.540000 -147.490000 -24.540000 -147.490000 0.0 0 
1.570796
 1 410 410 p_bridge_14 {!}14 541808 0 0 3 0 0 0 0 0 62.000000 -120.700000 62.000000 -120.700000 62.000000 -120.700000 0.0 0 
1.308997
 1 411 411 p_bridge_15 {!}15 541808 0 0 3 0 0 0 0 0 187.344000 -246.970000 187.344000 -246.970000 187.344000 -246.970000 0.0 0 
-0.087266
 1 412 412 p_bridge_16 {!}16 541808 0 0 3 0 0 0 0 0 -116.760000 -25.080000 -116.760000 -25.080000 -116.760000 -25.080000 0.0 0 
0.610865
 1 413 413 p_bridge_17 {!}17 541808 0 0 3 0 0 0 0 0 -151.080000 26.080000 -151.080000 26.080000 -151.080000 26.080000 0.0 0 
0.261799
 1 414 414 p_ferry_1a ferry_station 2114674 0 0 3 0 0 0 0 0 192.821000 -230.485000 192.821000 -230.485000 192.821000 -230.485000 0.0 0 
2.356194
 1 415 415 p_ferry_2a ferry_station 2114674 0 0 3 0 0 0 0 0 -34.153300 -50.147400 -34.153300 -50.147400 -34.153300 -50.147400 0.0 0 
0.785398
 1 416 416 p_ferry_3a ferry_station 2114674 0 0 3 0 0 0 0 0 87.133200 -141.915000 87.133200 -141.915000 87.133200 -141.915000 0.0 0 
0.000000
 1 417 417 p_ferry_4a ferry_station 2114674 0 0 3 0 0 0 0 0 -59.504400 -169.832000 -59.504400 -169.832000 -59.504400 -169.832000 0.0 0 
2.356194
 1 418 418 p_ferry_1b ferry_station 2114674 0 0 3 0 0 0 0 0 190.432000 -233.639000 190.432000 -233.639000 190.432000 -233.639000 0.0 0 
2.356194
 1 419 419 p_ferry_2b ferry_station 2114674 0 0 3 0 0 0 0 0 -35.351400 -48.253400 -35.351400 -48.253400 -35.351400 -48.253400 0.0 0 
0.785398
 1 420 420 p_ferry_3b ferry_station 2114674 0 0 3 0 0 0 0 0 85.270600 -135.084000 85.270600 -135.084000 85.270600 -135.084000 0.0 0 
0.000000
 1 421 421 p_ferry_4b ferry_station 2114674 0 0 3 0 0 0 0 0 -52.744400 -166.696000 -52.744400 -166.696000 -52.744400 -166.696000 0.0 0 
2.356194
 1 422 422 p_jetty_1 {!}jetty_1 2638962 0 0 3 0 0 0 0 0 -14.723200 7.259850 -14.723200 7.259850 -14.723200 7.259850 0.0 0 
0.000000
 1 423 423 p_jetty_2 {!}jetty_2 2638962 0 0 3 0 0 0 0 0 33.951200 258.293000 33.951200 258.293000 33.951200 258.293000 0.0 0 
0.000000
 1 424 424 p_jetty_3 {!}jetty_3 2638962 0 0 3 0 0 0 0 0 140.528000 256.663000 140.528000 256.663000 140.528000 256.663000 0.0 0 
0.000000
 1 425 425 p_jetty_4 {!}jetty_4 2638962 0 0 3 0 0 0 0 0 126.369000 152.207000 126.369000 152.207000 126.369000 152.207000 0.0 0 
1.570796
 1 426 426 p_jetty_5 {!}jetty_5 2638962 0 0 3 0 0 0 0 0 204.316000 207.516000 204.316000 207.516000 204.316000 207.516000 0.0 0 
1.570796
 1 427 427 p_jetty_6 {!}jetty_6 2638962 0 0 3 0 0 0 0 0 200.314000 171.968000 200.314000 171.968000 200.314000 171.968000 0.0 0 
1.570796
 1 428 428 p_wales_spawn_point the_coast 1280 0 0 2 0 0 0 0 0 -49.000000 -102.000000 -49.000000 -102.000000 -49.000000 -102.000000 0.0 1 155 15 0 0 
0.000000
 1 429 429 p_fortiu_spawn_point the_coast 1280 0 0 2 0 0 0 0 0 107.000000 167.000000 107.000000 167.000000 107.000000 167.000000 0.0 1 154 15 0 0 
0.000000
 1 430 430 p_sussex_spawn_point South_Seaxe 1280 0 0 2 0 0 0 0 0 32.000000 -235.000000 32.000000 -235.000000 32.000000 -235.000000 0.0 1 150 15 0 0 
0.000000
 1 431 431 p_clyde_coast_spawn_point the_river 1280 0 0 2 0 0 0 0 0 29.000000 71.000000 29.000000 71.000000 29.000000 71.000000 0.0 1 154 15 0 0 
0.000000
 1 432 432 p_limerick_spawn_point the_coast 1280 0 0 2 0 0 0 0 0 -155.000000 24.000000 -155.000000 24.000000 -155.000000 24.000000 0.0 1 155 15 0 0 
0.000000
 1 433 433 p_norway_spawn_point the_mountains 1280 0 0 2 0 0 0 0 0 241.000000 132.000000 241.000000 132.000000 241.000000 132.000000 0.0 1 153 15 0 0 
0.000000
 1 434 434 p_northumbria_spawn_point the_countryside 1280 0 0 2 0 0 0 0 0 65.000000 24.000000 65.000000 24.000000 65.000000 24.000000 0.0 1 149 15 0 0 
0.000000
 1 435 435 p_mierce_spawn_point the_countryside 1280 0 0 2 0 0 0 0 0 44.000000 -113.000000 44.000000 -113.000000 44.000000 -113.000000 0.0 1 149 15 0 0 
0.000000
 1 436 436 p_crafu_spawn_point the_countryside 1280 0 0 2 0 0 0 0 0 46.000000 -57.000000 46.000000 -57.000000 46.000000 -57.000000 0.0 1 148 15 0 0 
0.000000
 1 437 437 p_alban_spawn_point the_countryside 1280 0 0 2 0 0 0 0 0 25.000000 188.000000 25.000000 188.000000 25.000000 188.000000 0.0 1 148 15 0 0 
0.000000
 1 438 438 p_aileach_spawn_point the_countryside 1280 0 0 2 0 0 0 0 0 -72.000000 94.000000 -72.000000 94.000000 -72.000000 94.000000 0.0 1 150 15 0 0 
0.000000
 1 439 439 p_engla_coast_spawn_point the_coast 1280 0 0 2 0 0 0 0 0 111.000000 -158.000000 111.000000 -158.000000 111.000000 -158.000000 0.0 1 155 15 0 0 
0.000000
 1 440 440 p_cornish_coast_spawn_point the_coast 1280 0 0 2 0 0 0 0 0 -86.000000 -197.000000 -86.000000 -197.000000 -86.000000 -197.000000 0.0 1 155 15 0 0 
0.000000
 1 441 441 p_leinster_spawn_point the_countryside 1280 0 0 2 0 0 0 0 0 -102.000000 -29.000000 -102.000000 -29.000000 -102.000000 -29.000000 0.0 1 153 15 0 0 
0.000000
 1 442 442 p_frisia_spawn_point the_countryside 1280 0 0 2 0 0 0 0 0 203.000000 -259.000000 203.000000 -259.000000 203.000000 -259.000000 0.0 1 150 15 0 0 
0.000000
 1 443 443 p_denmark_spawn_point the_countryside 1280 0 0 2 0 0 0 0 0 253.284000 -200.000000 253.284000 -200.000000 253.284000 -200.000000 0.0 1 149 15 0 0 
0.000000
 1 444 444 p_caitness_priest_spawn_point the_countryside 1280 0 0 3 0 0 0 0 0 71.000000 222.000000 71.000000 222.000000 71.000000 222.000000 0.0 1 51 15 0 0 
0.000000
 1 445 445 p_northumbria_priest_spawn_point the_countryside 1280 0 0 3 0 0 0 0 0 66.000000 14.000000 66.000000 14.000000 66.000000 14.000000 0.0 1 51 15 0 0 
0.000000
 1 446 446 p_norway_priest_spawn_point the_countryside 1280 0 0 3 0 0 0 0 0 201.220000 139.820000 201.220000 139.820000 201.220000 139.820000 0.0 1 51 15 0 0 
0.000000
 1 447 447 p_denmark_priest_spawn_point the_countryside 1280 0 0 3 0 0 0 0 0 270.000000 -77.400000 270.000000 -77.400000 270.000000 -77.400000 0.0 1 51 15 0 0 
0.000000
 1 448 448 p_channel_spawn_point the_channel 1280 0 0 2 0 0 0 0 0 -59.000000 -250.000000 -59.000000 -250.000000 -59.000000 -250.000000 0.0 1 147 15 0 0 
0.000000
 1 449 449 p_bight_spawn_point the_Southern_Bight 1280 0 0 2 0 0 0 0 0 150.000000 -204.000000 150.000000 -204.000000 150.000000 -204.000000 0.0 1 147 15 0 0 
0.000000
 1 450 450 p_irish_sea_spawn_point the_Irish_Sea 1280 0 0 2 0 0 0 0 0 -62.000000 -21.000000 -62.000000 -21.000000 -62.000000 -21.000000 0.0 1 147 15 0 0 
0.000000
 1 451 451 p_forth_firth_spawn_point the_Firth_of_Forth 1280 0 0 2 0 0 0 0 0 105.000000 84.000000 105.000000 84.000000 105.000000 84.000000 0.0 1 147 15 0 0 
0.000000
 1 452 452 p_skagerrak_spawn_point the_Skagerrak 1280 0 0 2 0 0 0 0 0 213.000000 49.000000 213.000000 49.000000 213.000000 49.000000 0.0 1 147 15 0 0 
0.000000
 1 453 453 p_firth_clyde_spawn_point the_Firth_of_Clyde 1280 0 0 2 0 0 0 0 0 -16.000000 78.000000 -16.000000 78.000000 -16.000000 78.000000 0.0 1 147 15 0 0 
0.000000
 1 454 454 p_testing_spawn_point {!}the_sea 1280 0 0 3 0 0 0 0 0 17.600000 -95.000000 17.600000 -95.000000 17.600000 -95.000000 0.0 1 147 1 0 0 
0.000000
 1 455 455 p_landing_point landing_point 2638944 0 0 3 0 0 0 0 0 0.000000 0.000000 0.000000 0.000000 0.000000 0.000000 0.0 0 
0.000000
 1 456 456 p_landing_point2 {!}landing_point2 2622816 0 0 3 0 0 0 0 0 0.000000 0.000000 0.000000 0.000000 0.000000 0.000000 0.0 0 
0.000000
 1 457 457 p_the_fleet The_Fleet 2115376 0 0 3 0 0 0 0 0 0.000000 0.000000 0.000000 0.000000 0.000000 0.000000 0.0 1 156 2000 0 0 
0.000000
 1 458 458 p_transporter Transporter 2114347 0 0 3 0 0 0 0 0 0.000000 0.000000 0.000000 0.000000 0.000000 0.000000 0.0 1 34 5 0 0 
0.000000
 1 459 459 p_troop_camp_1 Troop_Quarters 17748 0 0 15 0 0 0 0 0 0.000000 0.000000 0.000000 0.000000 0.000000 0.000000 0.0 0 
0.000000
 1 460 460 p_troop_camp_2 Troop_Quarters 17748 0 0 15 0 0 0 0 0 0.000000 0.000000 0.000000 0.000000 0.000000 0.000000 0.0 0 
0.000000
 1 461 461 p_spawn_points_end {!}last_spawn_point 1280 0 0 1 0 0 0 0 0 0.000000 0.000000 0.000000 0.000000 0.000000 0.000000 0.0 1 147 15 0 0 
0.000000
 1 462 462 p_paganholysites1 Odin's_Hof 2114651 0 0 3 0 0 0 0 0 201.220000 139.820000 201.220000 139.820000 201.220000 139.820000 0.0 0 
0.000000
 1 463 463 p_paganholysites2 Thor's_Hof 2114651 0 0 3 0 0 0 0 0 270.000000 -77.400000 270.000000 -77.400000 270.000000 -77.400000 0.0 0 
0.000000
 1 464 464 p_oldpagan_hut Old_Pagan's_Hut 2114910 0 0 3 0 0 0 0 0 -147.450000 107.770000 -147.450000 107.770000 -147.450000 107.770000 0.0 0 
0.000000
 1 465 465 p_morrigan_lair Morrigan's_Lair 2114908 0 0 3 0 0 0 0 0 -163.120000 105.210000 -163.120000 105.210000 -163.120000 105.210000 0.0 0 
0.000000
 1 466 466 p_bresail_farm Mael_Bresail's_Farm 2114910 0 0 3 0 0 0 0 0 -109.810000 23.780000 -109.810000 23.780000 -109.810000 23.780000 0.0 0 
0.000000
 1 467 467 p_bresail_fort Mael_Bresail's_Fort 2114902 0 0 3 0 0 0 0 0 -72.280000 -176.540000 -72.280000 -176.540000 -72.280000 -176.540000 0.0 0 
0.000000
 1 468 468 p_reserved_1 {!}last_spawn_point 1280 0 0 1 0 0 0 0 0 0.000000 0.000000 0.000000 0.000000 0.000000 0.000000 0.0 1 147 15 0 0 
0.000000
 1 469 469 p_bridge_18 {!}18 541808 0 0 3 0 0 0 0 0 -96.500000 71.000000 -96.500000 71.000000 -96.500000 71.000000 0.0 0 
1.570796
