53
tab_game_character_sheet 0 tableau_with_transparency 1024 1024 0 0 266 532 13 23 2 1224979098644774912 1 1985 1 4287137928 1987 3 10 11 15 2124 1 100 1989 5 0 40 40 0 100000 701 1 1 731 2 1 100 729 2 1 -20 730 2 1 -20 1980 5 1729382256910270472 1224979098644774912 1 0 0 731 2 1 200 1980 5 1729382256910270471 1224979098644774912 1 0 0 731 2 1 300 
tab_game_inventory_window 0 tableau_with_transparency 1024 1024 0 0 180 270 13 23 2 1224979098644774912 1 1985 1 4287137928 1987 3 10 11 15 2124 1 100 1989 5 0 40 40 0 100000 701 1 1 731 2 1 100 729 2 1 -20 730 2 1 -20 1980 5 1729382256910270474 1224979098644774912 1 0 0 731 2 1 200 1980 5 1729382256910270473 1224979098644774912 1 0 0 731 2 1 300 
tab_game_profile_window 0 tableau_with_transparency 1024 1024 0 0 320 480 21 23 2 1224979098644774912 1 2133 2 1224979098644774913 1224979098644774912 2109 2 1224979098644774913 2 4 0 31 2 1224979098644774913 0 2133 2 1224979098644774914 360287970189639681 5 0 2133 2 1224979098644774914 360287970189639682 3 0 1503 1 1224979098644774914 1985 1 4287137928 1987 3 10 11 15 2124 1 100 1989 5 0 40 40 0 100000 701 1 1 731 2 1 100 729 2 1 -20 730 2 1 -20 1980 5 1729382256910270476 1224979098644774914 1 0 0 731 2 1 200 1980 5 1729382256910270475 1224979098644774914 1 0 0 
tab_game_party_window 0 tableau_with_transparency 1024 1024 0 0 300 300 13 23 2 1224979098644774912 1 1985 1 4287137928 1987 3 10 11 15 2124 1 100 1989 5 0 40 40 0 100000 701 1 1 731 2 1 100 729 2 1 -20 730 2 1 -20 1980 5 1729382256910270478 1224979098644774912 1 0 0 731 2 1 200 1980 5 1729382256910270477 1224979098644774912 1 0 0 731 2 1 300 
tab_game_troop_label_banner 0 tableau_with_transparency 256 256 -128 0 128 256 9 23 2 1224979098644774912 1 1985 1 4287137928 2124 1 100 1989 5 0 100 100 0 100000 701 1 1 730 2 1 136 2121 3 1224979098644774913 1224979098644774912 1441151880758558946 2105 2 1224979098644774913 1441151880758559145 1992 4 1224979098644774913 1 130 15 
tab_troop_note_alpha_mask 0 mat_troop_portrait_mask 1024 1024 0 0 400 400 5 23 2 1224979098644774912 1 1985 1 8947848 1987 3 10 11 15 1984 0 1 2 936748722493063563 1224979098644774912 
tab_troop_note_color 0 mat_troop_portrait_color 1024 1024 0 0 400 400 4 23 2 1224979098644774912 1 1985 1 4291214228 1987 3 10 11 15 1 2 936748722493063563 1224979098644774912 
tab_troop_character_alpha_mask 0 mat_troop_portrait_mask 1024 1024 0 0 400 400 5 23 2 1224979098644774912 1 1985 1 8947848 1987 3 10 11 15 1984 0 1 2 936748722493063564 1224979098644774912 
tab_troop_character_color 0 mat_troop_portrait_color 1024 1024 0 0 400 400 4 23 2 1224979098644774912 1 1985 1 4292923313 1987 3 10 11 15 1 2 936748722493063564 1224979098644774912 
tab_troop_inventory_alpha_mask 0 mat_troop_portrait_mask 1024 1024 0 0 400 400 5 23 2 1224979098644774912 1 1985 1 8947848 1987 3 10 11 15 1984 0 1 2 936748722493063565 1224979098644774912 
tab_troop_inventory_color 0 mat_troop_portrait_color 1024 1024 0 0 400 400 4 23 2 1224979098644774912 1 1985 1 4285159482 1987 3 10 11 15 1 2 936748722493063565 1224979098644774912 
tab_troop_profile_alpha_mask 0 mat_troop_portrait_mask 1024 1024 0 0 400 400 5 23 2 1224979098644774912 1 1985 1 8947848 1987 3 10 11 15 1984 0 1 2 936748722493063566 1224979098644774912 
tab_troop_profile_color 0 mat_troop_portrait_color 1024 1024 0 0 400 400 4 23 2 1224979098644774912 1 1985 1 4294567848 1987 3 10 11 15 1 2 936748722493063566 1224979098644774912 
tab_troop_party_alpha_mask 0 mat_troop_portrait_mask 1024 1024 0 0 400 400 5 23 2 1224979098644774912 1 1985 1 8947848 1987 3 10 11 15 1984 0 1 2 936748722493063568 1224979098644774912 
tab_troop_party_color 0 mat_troop_portrait_color 1024 1024 0 0 400 400 4 23 2 1224979098644774912 1 1985 1 4290681970 1987 3 10 11 15 1 2 936748722493063568 1224979098644774912 
tab_troop_note_mesh 0 tableau_with_transparency 1024 1024 0 0 350 350 14 23 2 1224979098644774912 1 1985 1 4287137928 1987 3 10 11 15 2124 1 100 1989 5 0 40 40 0 100000 701 1 1 731 2 1 100 729 2 1 -20 730 2 1 -20 1980 5 1729382256910270470 1224979098644774912 1 0 0 731 2 1 200 1980 5 1729382256910270469 1224979098644774912 1 0 0 731 2 1 300 1992 4 1441151880758558840 1 0 0 
tab_center_note_mesh 0 tableau_with_transparency 1024 1024 0 0 200 200 31 23 2 1224979098644774912 1 2124 1 100 1985 1 8947848 1987 3 10 11 15 701 1 8 729 2 8 -210 730 2 8 200 731 2 8 300 1990 4 8 550 500 450 1989 5 1 10 10 10 10000 701 1 1 731 2 1 0 731 2 1 -500 701 1 1 730 2 1 -100 729 2 1 -100 731 2 1 100 725 2 1 200 1681 2 1224979098644774913 1224979098644774912 4 0 30 2 1224979098644774913 0 1994 3 1224979098644774913 1 0 3 0 701 1 5 729 2 5 -90 731 2 5 500 730 2 5 480 723 2 5 -90 725 2 5 180 723 2 5 -35 1988 1 5 
tab_faction_note_mesh_for_menu 0 pic_arms_swadian 1024 512 0 0 450 225 13 23 2 1224979098644774912 1 1985 1 4294967295 2124 1 100 4 0 33 3 1224979098644774912 432345564227567632 432345564227567653 2120 3 1224979098644774913 1441151880758558747 1224979098644774912 2106 2 1224979098644774913 432345564227567632 701 1 1 730 2 1 -5 729 2 1 -45 1992 4 1224979098644774913 1 0 0 1989 5 0 160 80 0 100000 3 0 
tab_faction_note_mesh 0 pic_arms_swadian 1024 512 0 0 500 250 12 23 2 1224979098644774912 1 1985 1 4294967295 2124 1 100 4 0 33 3 1224979098644774912 432345564227567632 432345564227567653 2120 3 1224979098644774913 1441151880758558747 1224979098644774912 2106 2 1224979098644774913 432345564227567632 701 1 1 730 2 1 -5 1992 4 1224979098644774913 1 0 0 1989 5 0 100 50 0 100000 3 0 
tab_faction_note_mesh_banner 0 tableau_with_transparency 1024 1024 0 0 200 200 14 23 2 1224979098644774912 1 2124 1 100 4 0 522 3 1224979098644774913 1224979098644774912 11 30 2 1224979098644774913 0 520 3 1224979098644774914 1224979098644774913 13 30 2 1224979098644774914 1080863910568919452 2121 3 1224979098644774915 1224979098644774914 1080863910568919452 2105 2 1224979098644774915 1441151880758558946 701 1 1 730 2 1 100 1992 4 1224979098644774915 1 0 0 1989 5 0 210 210 0 100000 3 0 
tab_2_factions_mesh 0 tableau_with_transparency 1024 1024 0 0 200 200 31 23 2 1224979098644774912 1 2119 3 1224979098644774913 1224979098644774912 128 2108 2 1224979098644774912 128 2105 2 1224979098644774912 432345564227567631 2105 2 1224979098644774913 432345564227567631 2124 1 100 4 0 522 3 1224979098644774914 1224979098644774912 11 30 2 1224979098644774914 0 520 3 1224979098644774915 1224979098644774914 13 30 2 1224979098644774915 1080863910568919452 2121 3 1224979098644774916 1224979098644774915 1080863910568919452 2105 2 1224979098644774916 1441151880758558946 701 1 1 729 2 1 -50 730 2 1 100 1992 4 1224979098644774916 1 0 0 3 0 4 0 522 3 1224979098644774914 1224979098644774913 11 30 2 1224979098644774914 0 520 3 1224979098644774915 1224979098644774914 13 30 2 1224979098644774915 1080863910568919452 2121 3 1224979098644774916 1224979098644774915 1080863910568919452 2105 2 1224979098644774916 1441151880758558946 701 1 1 729 2 1 50 730 2 1 100 1992 4 1224979098644774916 1 0 0 3 0 1989 5 0 210 210 0 100000 
tab_retired_troop_alpha_mask 0 mat_troop_portrait_mask 2048 2048 0 0 600 600 5 23 2 1224979098644774912 1 1985 1 8947848 1987 3 10 11 15 1984 0 1 2 936748722493063567 1224979098644774912 
tab_retired_troop_color 0 mat_troop_portrait_color 2048 2048 0 0 600 600 4 23 2 1224979098644774912 1 1985 1 4293383065 1987 3 10 11 15 1 2 936748722493063567 1224979098644774912 
tab_retirement_troop 0 tableau_with_transparency 2048 2048 0 0 600 600 12 23 2 1224979098644774912 1 1985 1 4287137928 1987 3 10 11 15 2124 1 100 1989 5 0 40 40 0 100000 701 1 1 731 2 1 100 729 2 1 -20 730 2 1 -20 1980 5 1729382256910270486 1224979098644774912 1 0 0 731 2 1 200 1980 5 1729382256910270485 1224979098644774912 1 0 0 
tab_outfit_party_troop_button 0 tableau_with_transparency 512 512 0 0 280 320 4 23 2 1224979098644774912 1 1985 1 8947848 1987 3 10 11 15 1 2 936748722493063568 1224979098644774912 
tab_troop_tree_pic 0 tableau_with_transparency 1024 1024 0 0 700 800 4 23 2 1224979098644774912 1 1985 1 8947848 1987 3 10 11 15 1 2 936748722493063568 1224979098644774912 
tab_vc_round_shield_01_device 0 sample_Shield_01 512 512 0 0 0 0 2 23 2 1224979098644774912 1 1 4 936748722493063561 1224979098644774912 1441151880758558927 0 
tab_vc_round_shield_01_nodevice 0 sample_Shield_01 512 512 0 0 0 0 2 23 2 1224979098644774912 1 1 4 936748722493063561 1224979098644774912 1441151880758558927 1 
tab_vc_round_shield_02_device 0 sample_Shield_02 512 512 0 0 0 0 2 23 2 1224979098644774912 1 1 4 936748722493063561 1224979098644774912 1441151880758558928 0 
tab_vc_round_shield_02_nodevice 0 sample_Shield_02 512 512 0 0 0 0 2 23 2 1224979098644774912 1 1 4 936748722493063561 1224979098644774912 1441151880758558928 1 
tab_vc_round_shield_03_device 0 sample_Shield_03 512 512 0 0 0 0 2 23 2 1224979098644774912 1 1 4 936748722493063561 1224979098644774912 1441151880758558929 0 
tab_vc_round_shield_03_nodevice 0 sample_Shield_03 512 512 0 0 0 0 2 23 2 1224979098644774912 1 1 4 936748722493063561 1224979098644774912 1441151880758558929 1 
tab_vc_round_shield_04_device 0 sample_Shield_04 512 512 0 0 0 0 2 23 2 1224979098644774912 1 1 4 936748722493063561 1224979098644774912 1441151880758558930 0 
tab_vc_round_shield_04_nodevice 0 sample_Shield_04 512 512 0 0 0 0 2 23 2 1224979098644774912 1 1 4 936748722493063561 1224979098644774912 1441151880758558930 1 
tab_vc_round_shield_05_device 0 sample_Shield_05 512 512 0 0 0 0 2 23 2 1224979098644774912 1 1 4 936748722493063561 1224979098644774912 1441151880758558931 0 
tab_vc_round_shield_05_nodevice 0 sample_Shield_05 512 512 0 0 0 0 2 23 2 1224979098644774912 1 1 4 936748722493063561 1224979098644774912 1441151880758558931 1 
tab_vc_round_shield_06_device 0 sample_Shield_06 512 512 0 0 0 0 2 23 2 1224979098644774912 1 1 4 936748722493063561 1224979098644774912 1441151880758558932 0 
tab_vc_round_shield_06_nodevice 0 sample_Shield_06 512 512 0 0 0 0 2 23 2 1224979098644774912 1 1 4 936748722493063561 1224979098644774912 1441151880758558932 1 
tab_vc_round_shield_07_device 0 sample_Shield_07 512 512 0 0 0 0 2 23 2 1224979098644774912 1 1 4 936748722493063561 1224979098644774912 1441151880758558933 0 
tab_vc_round_shield_07_nodevice 0 sample_Shield_07 512 512 0 0 0 0 2 23 2 1224979098644774912 1 1 4 936748722493063561 1224979098644774912 1441151880758558933 1 
tab_vc_round_shield_08_device 0 sample_Shield_08 512 512 0 0 0 0 2 23 2 1224979098644774912 1 1 4 936748722493063561 1224979098644774912 1441151880758558934 0 
tab_vc_round_shield_08_nodevice 0 sample_Shield_08 512 512 0 0 0 0 2 23 2 1224979098644774912 1 1 4 936748722493063561 1224979098644774912 1441151880758558934 1 
tab_vc_round_shield_09_device 0 sample_Shield_09 512 512 0 0 0 0 2 23 2 1224979098644774912 1 1 4 936748722493063561 1224979098644774912 1441151880758558935 0 
tab_vc_round_shield_09_nodevice 0 sample_Shield_09 512 512 0 0 0 0 2 23 2 1224979098644774912 1 1 4 936748722493063561 1224979098644774912 1441151880758558935 1 
tab_vc_round_shield_10_device 0 sample_Shield_10 512 512 0 0 0 0 2 23 2 1224979098644774912 1 1 4 936748722493063561 1224979098644774912 1441151880758558936 0 
tab_vc_round_shield_10_nodevice 0 sample_Shield_10 512 512 0 0 0 0 2 23 2 1224979098644774912 1 1 4 936748722493063561 1224979098644774912 1441151880758558936 1 
tab_vc_round_shield_11_device 0 sample_Shield_11 512 512 0 0 0 0 2 23 2 1224979098644774912 1 1 4 936748722493063561 1224979098644774912 1441151880758558937 0 
tab_vc_round_shield_11_nodevice 0 sample_Shield_11 512 512 0 0 0 0 2 23 2 1224979098644774912 1 1 4 936748722493063561 1224979098644774912 1441151880758558937 1 
tab_vc_round_shield_12_device 0 sample_Shield_12 512 512 0 0 0 0 2 23 2 1224979098644774912 1 1 4 936748722493063561 1224979098644774912 1441151880758558938 0 
tab_vc_round_shield_12_nodevice 0 sample_Shield_12 512 512 0 0 0 0 2 23 2 1224979098644774912 1 1 4 936748722493063561 1224979098644774912 1441151880758558938 1 
tab_vc_icon_shield_01 0 sample_vc_map-warrior01 1024 1024 0 0 0 0 34 23 2 1224979098644774912 1 2124 1 100 2133 2 1224979098644774913 1441151880758559343 2133 2 1224979098644774914 4290818192 4 0 30 2 1224979098644774912 0 520 3 1224979098644774915 1224979098644774912 13 33 3 1224979098644774915 1080863910568919452 1080863910568919650 2106 2 1224979098644774915 1080863910568919452 520 3 72057594037927936 360287970189640843 1224979098644774915 2120 3 1224979098644774913 1441151880758559145 1224979098644774915 32 2 72057594037927936 0 2133 2 1224979098644774914 72057594037927936 3 0 1985 1 1224979098644774914 2124 1 1000 701 1 1 729 2 1 615 730 2 1 -299 2124 1 100 736 2 72057594037927936 1 2107 2 72057594037927936 445 2108 2 72057594037927936 1000 745 2 1 72057594037927936 1992 3 1224979098644774913 1 30 701 1 1 729 2 1 48 730 2 1 -37 731 2 1 10 1993 5 1441151880758559363 1 250 100 1224979098644774914 701 1 1 731 2 1 20 1992 3 1441151880758558939 1 0 1989 5 0 200 100 0 100000 
tab_troop_tree_pic_without_horse 0 mat_troop_portrait_mask 1024 1024 0 0 700 800 5 23 2 1224979098644774912 1 1985 1 16770495 1987 3 10 11 15 2133 2 1224979098644774913 0 1 3 936748722493063569 1224979098644774912 1224979098644774913 
tab_troop_detail_dummy_pic 0 tableau_with_transparency 1024 1024 0 0 700 800 4 23 2 1224979098644774912 1 1985 1 8947848 1987 3 10 11 15 1 2 936748722493063839 1224979098644774912 
