triggersfile version 1
56
0.100000 0.000000 100000000.000000  1 37 1 0  7 1120 2 216172782113783828 1585267068834414741 1 3 936748722493063603 90 100 4 0 31 2 144115188075856177 8 520 3 1224979098644774912 360287970189640033 10 1 4 936748722493063419 1224979098644774912 7 648518346341351536 3 0 
2.000000 0.000000 100000000.000000  4 37 1 0 200 1 504403158265495618 1 2 936748722493063355 648518346341351424 30 2 72057594037927936 15  2 1120 2 216172782113783829 1585267068834414742 1 2 936748722493063531 504403158265495618 
0.000000 0.000000 168.000000  0  1 1 1 936748722493063698 
0.000000 0.000000 168.000000  0  1 1 1 936748722493063699 
0.000000 0.000000 168.000000  0  1 1 1 936748722493063700 
0.000000 0.000000 168.000000  0  1 1 1 936748722493063701 
0.000000 0.000000 168.000000  0  1 1 1 936748722493063889 
7.700000 0.000000 0.000000  0  5 11 1 1224979098644774912 32 2 1224979098644774912 648518346341351885 132 1 1224979098644774912 1 2 936748722493063719 1224979098644774912 3 0 
0.000000 0.000000 0.000000  9 4 0 71 1 25 70 1 29 70 1 56 1030 3 0 0 0 3 0 71 1 32 70 1 29 30 2 144115188075857384 1  1 900 1 1513209474796486757 
10.200000 0.000000 0.000000  0  31 2133 2 144115188075855874 576460752303423576 2133 2 144115188075855875 20 1 1 936748722493063872 2133 2 144115188075855874 576460752303423577 2133 2 144115188075855875 18 1 1 936748722493063872 2133 2 144115188075855874 576460752303423578 2133 2 144115188075855875 10 1 1 936748722493063872 2133 2 144115188075855874 576460752303423579 2133 2 144115188075855875 1 1 2 936748722493063871 432345564227567632 2133 2 144115188075855874 576460752303423580 2133 2 144115188075855875 1 1 2 936748722493063871 432345564227567633 4 0 541 3 648518346341351424 296 0 2136 3 1224979098644774912 0 3 31 2 1224979098644774912 0 4 0 2310 2 72057594037927958 576460752303423593 2147483678 2 72057594037927958 1 1103 1 15 1100 2 648518346341351424 576460752303423593 5 0 2311 2 1224979098644774913 576460752303423593 2281 3 1224979098644774914 648518346341351424 1224979098644774913 32 2 1224979098644774914 30 1232 1 1224979098644774913 3 0 3 0 
0.000000 0.000000 0.000000  35 71 1 224 541 3 648518346341351424 296 1 2124 1 100 1625 2 1 648518346341351424 1625 2 2 648518346341351879 710 3 1224979098644774912 1 2 32 2 1224979098644774912 400 2124 1 1 726 2 1224979098644774913 1 32 2 1224979098644774913 -275 2147483678 2 1224979098644774913 275 727 2 1224979098644774914 1 32 2 1224979098644774914 -275 2147483678 2 1224979098644774914 275 2124 1 100 1628 3 2 1 4 1626 2 648518346341351425 2 1608 2 1224979098644774915 648518346341351425 2147483679 2 1224979098644774915 0 2147483679 2 1224979098644774915 1 2147483679 2 1224979098644774915 7 2147483679 2 1224979098644774915 8 2133 2 1224979098644774916 0 6 3 1224979098644774917 648518346341351445 648518346341351474 541 3 1224979098644774917 241 1 2281 3 1224979098644774918 648518346341351425 1224979098644774917 2147483678 2 1224979098644774918 5 2133 2 1224979098644774916 1 3 0 6 3 1224979098644774919 648518346341351821 648518346341351838 2281 3 1224979098644774918 648518346341351425 1224979098644774919 2147483678 2 1224979098644774918 5 2133 2 1224979098644774916 1 3 0 31 2 1224979098644774916 0  5 4 0 1625 2 1 648518346341351425 1 2 936748722493063882 0 1626 2 648518346341351879 2 3 0 
5.700000 0.000000 0.000000  2 2310 2 72057594037927938 576460752303423495 2147483678 2 72057594037927938 6  9 1103 1 1 2120 3 1224979098644774912 648518346341351473 1 2136 3 1224979098644774913 648518346341351445 1224979098644774912 4 0 3221225503 2 1224979098644774913 648518346341351448 3221225503 2 1224979098644774913 648518346341351449 2147483679 2 1224979098644774913 648518346341351455 1100 2 1224979098644774913 576460752303423495 3 0 
1.000000 0.000000 0.000000  3 200 1 504403158265495605 2147483851 1 504403158265495605 2147483850 1 504403158265495605  29 526 3 1224979098644774912 504403158265495605 8 4 0 132 1 1224979098644774912 2204 2 1224979098644774913 1224979098644774912 2147483681 3 1224979098644774913 432345564227567631 432345564227567653 2133 2 1224979098644774914 8 4 0 2273 0 2133 2 1224979098644774914 5 3 0 11 1 1224979098644774915 32 2 1224979098644774915 648518346341351885 2204 2 1224979098644774916 1224979098644774915 33 3 1224979098644774916 432345564227567631 432345564227567653 2281 3 1224979098644774917 1224979098644774915 1224979098644774912 2147483678 2 1224979098644774917 1224979098644774914 4 0 31 2 144115188075856185 1 2330 2 4 1224979098644774915 1106 1 1585267068834414743 3 0 1 2 936748722493063378 1224979098644774912 2133 2 1224979098644774918 72057594037927936 1 6 936748722493063621 70 1224979098644774915 1224979098644774918 1224979098644774912 -1 3 0 5 0 1106 1 216172782113783826 1 3 936748722493063468 504403158265495605 0 3 0 
1.000000 0.000000 0.000000  3 200 1 504403158265495655 2147483851 1 504403158265495655 2147483850 1 504403158265495655  29 526 3 1224979098644774912 504403158265495655 8 4 0 132 1 1224979098644774912 2204 2 1224979098644774913 1224979098644774912 2147483681 3 1224979098644774913 432345564227567631 432345564227567653 2133 2 1224979098644774914 8 4 0 2273 0 2133 2 1224979098644774914 5 3 0 11 1 1224979098644774915 32 2 1224979098644774915 648518346341351885 2204 2 1224979098644774916 1224979098644774915 33 3 1224979098644774916 432345564227567631 432345564227567653 2281 3 1224979098644774917 1224979098644774915 1224979098644774912 2147483678 2 1224979098644774917 1224979098644774914 4 0 31 2 144115188075856185 1 2330 2 4 1224979098644774915 1106 1 1585267068834414743 3 0 1 2 936748722493063378 1224979098644774912 2133 2 1224979098644774918 72057594037927936 1 6 936748722493063621 70 1224979098644774915 1224979098644774918 1224979098644774912 -1 3 0 5 0 1106 1 216172782113783826 1 3 936748722493063468 504403158265495655 0 3 0 
2.000000 0.000000 0.000000  2 2311 2 72057594037927938 576460752303423521 131 1 72057594037927938  5 2204 2 1224979098644774912 72057594037927938 1 3 936748722493063362 1224979098644774912 -1 1640 2 72057594037927938 1 1641 2 72057594037927938 72057594037927936 1603 3 72057594037927938 65536 0 
4.000000 0.000000 0.000000  11 31 2 144115188075855876 1 2133 2 1224979098644774912 0 4 0 2147483780 1 144115188075856098 2133 2 1224979098644774912 1 5 0 2291 2 1224979098644774913 144115188075856098 2147483679 2 1224979098644774913 144115188075856097 2133 2 1224979098644774912 1 3 0 31 2 1224979098644774912 1  1 2133 2 144115188075855876 0 
1.500000 0.000000 0.000000  2 2311 2 72057594037927938 576460752303423517 131 1 72057594037927938  5 2204 2 1224979098644774912 72057594037927938 1 3 936748722493063362 1224979098644774912 -1 1640 2 72057594037927938 1 1641 2 72057594037927938 72057594037927936 1603 3 72057594037927938 65536 0 
1.000000 0.000000 0.000000  0  8 6 3 1224979098644774912 432345564227567631 432345564227567653 542 3 1224979098644774912 21 0 4 0 2136 3 1224979098644774913 0 100 2147483678 2 1224979098644774913 10 1 3 936748722493063406 1224979098644774912 11 3 0 3 0 
0.200000 0.000000 0.000000  43 200 1 504403158265495565 2147483852 1 504403158265495565 546 3 504403158265495565 11 2 526 3 1224979098644774912 504403158265495565 1 526 3 1224979098644774913 504403158265495565 8 4 0 2147483780 1 1224979098644774913 506 3 504403158265495565 11 3 1 2 936748722493063532 504403158265495565 5 0 130 2 1224979098644774913 1224979098644774912 1232 1 1224979098644774913 506 3 504403158265495565 11 3 526 3 1224979098644774914 504403158265495565 4 2133 2 1224979098644774915 0 6 3 1224979098644774916 432345564227567631 432345564227567653 542 3 1224979098644774916 21 0 2147483679 2 1224979098644774916 432345564227567631 2147484194 3 504403158265495565 3 1224979098644774916 2105 2 1224979098644774915 1 3 0 4 0 32 2 1224979098644774915 0 2136 3 1224979098644774917 0 1224979098644774915 2133 2 1224979098644774918 -1 6 3 1224979098644774916 432345564227567631 432345564227567653 31 2 1224979098644774918 -1 542 3 1224979098644774916 21 0 2147483679 2 1224979098644774916 432345564227567631 2147484194 3 504403158265495565 3 1224979098644774916 2106 2 1224979098644774917 1 2147483678 2 1224979098644774917 0 2133 2 1224979098644774918 1224979098644774916 3 0 3 0 4 0 32 2 1224979098644774918 0 1 3 936748722493063391 1224979098644774914 1224979098644774918 5 0 1 3 936748722493063391 1224979098644774914 432345564227567654 3 0 1 2 936748722493063531 504403158265495565 3 0  0 
0.200000 0.000000 0.000000  64 200 1 504403158265495560 2147483852 1 504403158265495560 526 3 1224979098644774912 504403158265495560 7 526 3 1224979098644774913 504403158265495560 1 4 0 132 1 144115188075856074 4 0 130 2 144115188075856074 1224979098644774913 1232 1 144115188075856074 2105 2 144115188075855877 1 5 0 130 2 144115188075856074 1224979098644774912 1232 1 144115188075856074 2105 2 144115188075855878 1 5 0 2281 3 1224979098644774914 648518346341351424 144115188075856074 32 2 1224979098644774914 3 1641 2 144115188075856074 1224979098644774913 3 0 3 0 4 0 132 1 144115188075856075 4 0 130 2 144115188075856075 1224979098644774913 1232 1 144115188075856075 2105 2 144115188075855877 1 5 0 130 2 144115188075856075 1224979098644774912 1232 1 144115188075856075 2105 2 144115188075855878 1 5 0 2281 3 1224979098644774914 648518346341351424 144115188075856075 32 2 1224979098644774914 3 1641 2 144115188075856075 1224979098644774913 3 0 3 0 4 0 132 1 144115188075856076 4 0 130 2 144115188075856076 1224979098644774913 1232 1 144115188075856076 2105 2 144115188075855877 1 5 0 130 2 144115188075856076 1224979098644774912 1232 1 144115188075856076 2105 2 144115188075855878 1 5 0 2281 3 1224979098644774914 648518346341351424 144115188075856076 32 2 1224979098644774914 3 1641 2 144115188075856076 1224979098644774913 3 0 3 0 2133 2 1224979098644774915 144115188075855878 2105 2 1224979098644774915 144115188075855877 30 2 1224979098644774915 3 4 0 30 2 144115188075855878 3 1 2 936748722493063531 504403158265495560 5 0 31 2 144115188075855878 0 1 2 936748722493063532 504403158265495560 5 0 1 2 936748722493063530 504403158265495560 3 0  0 
0.500000 0.000000 0.000000  94 200 1 504403158265495561 31 2 144115188075855884 0 526 3 1224979098644774912 504403158265495561 12 526 3 1224979098644774913 504403158265495561 7 2133 2 1224979098644774914 0 4 0 1073741854 2 144115188075855879 2 3221225604 1 144115188075856073 2147483780 1 144115188075856072 5 0 31 2 144115188075855880 0 2281 3 1224979098644774915 648518346341351424 144115188075856073 4 0 2133 2 1224979098644774916 3 4 0 2273 0 2133 2 1224979098644774916 1 3 0 2147483680 2 1224979098644774915 1224979098644774916 2281 3 1224979098644774917 648518346341351424 1224979098644774912 32 2 1224979098644774917 1 2105 2 144115188075855879 1 4 0 31 2 144115188075855879 2 2133 2 1224979098644774914 1 1106 1 216172782113783983 3 0 5 0 2281 3 1224979098644774915 144115188075856072 144115188075856073 2147483680 2 1224979098644774915 1 1660 2 144115188075856073 144115188075856072 2133 2 144115188075855880 1 2133 2 144115188075855881 0 3 0 5 0 31 2 144115188075855880 1 2281 3 1224979098644774915 648518346341351424 144115188075856072 4 0 2147483680 2 1224979098644774915 1 1661 1 144115188075856073 2105 2 144115188075855879 1 4 0 31 2 144115188075855879 2 2133 2 1224979098644774914 1 1106 1 216172782113783983 3 0 5 0 2105 2 144115188075855881 1 32 2 144115188075855881 4 1661 1 144115188075856073 2133 2 1224979098644774914 1 2133 2 144115188075855880 2 3 0 3 0 4 0 31 2 1224979098644774914 1 1641 2 144115188075856073 1224979098644774912 1641 2 144115188075856072 1224979098644774913 1640 2 144115188075856073 1 1640 2 144115188075856072 1 1603 3 144115188075856073 65536 0 1603 3 144115188075856072 65536 0 3 0 2133 2 1224979098644774918 0 4 0 132 1 144115188075856073 2105 2 1224979098644774918 1 130 2 144115188075856073 1224979098644774912 1232 1 144115188075856073 2133 2 144115188075855882 1 2106 2 1224979098644774918 1 3 0 4 0 132 1 144115188075856072 2105 2 1224979098644774918 1 130 2 144115188075856072 1224979098644774913 1232 1 144115188075856072 2133 2 144115188075855883 1 2106 2 1224979098644774918 1 3 0 4 0 31 2 144115188075855883 1 31 2 144115188075855882 1 1 2 936748722493063532 504403158265495561 3 0 4 0 31 2 1224979098644774918 0 2133 2 144115188075855884 1 1632 3 1224979098644774919 648518346341351424 360287970189640852 1632 3 1224979098644774920 648518346341351424 360287970189640853 32 2 1224979098644774919 0 32 2 1224979098644774920 0 1 2 936748722493063531 504403158265495561 3 0  0 
168.000000 0.000000 0.000000  0  2 2107 2 144115188075855885 101 2108 2 144115188075855885 100 
0.100000 0.000000 0.100000  2 200 1 504403158265495581 31 2 144115188075856157 1  6 526 3 1224979098644774912 504403158265495581 8 4 0 132 1 1224979098644774912 1640 2 1224979098644774912 0 1603 3 1224979098644774912 65536 0 3 0 
0.100000 0.000000 0.100000  2 200 1 504403158265495581 31 2 144115188075856157 0  7 526 3 1224979098644774912 504403158265495581 8 4 0 132 1 1224979098644774912 1640 2 1224979098644774912 10 1603 3 1224979098644774912 65536 0 1641 2 1224979098644774912 648518346341351424 3 0 
0.100000 0.000000 0.000000  3 200 1 504403158265495581 526 3 1224979098644774912 504403158265495581 8 2147483780 1 1224979098644774912  1 1 3 936748722493063468 504403158265495581 2 
0.300000 0.000000 1.100000  6 200 1 504403158265495583 2147483851 1 504403158265495583 2301 2 1224979098644774912 576460752303423508 2147483678 2 144115188075856034 1224979098644774912 2302 2 1224979098644774913 576460752303423508 31 2 1224979098644774913 144115188075856158  2 1106 1 216172782113783826 1 3 936748722493063468 504403158265495583 0 
0.300000 0.000000 1.100000  6 200 1 504403158265495583 2147483850 1 504403158265495583 2301 2 1224979098644774912 576460752303423508 2147483678 2 144115188075856034 1224979098644774912 2302 2 1224979098644774913 576460752303423508 2147483679 2 1224979098644774913 144115188075856158  1 1 2 936748722493063531 504403158265495583 
1.000000 0.000000 0.000000  5 200 1 504403158265495584 526 3 1224979098644774912 504403158265495584 8 132 1 1224979098644774912 131 1 1224979098644774912 1232 1 1224979098644774912  0 
0.000000 0.000000 336.000000  22 6 3 1224979098644774912 360287970189640144 360287970189640150 500 3 1224979098644774912 12 0 2147483679 2 1224979098644774912 144115188075855964 520 3 1224979098644774913 1224979098644774912 14 542 3 1224979098644774913 21 0 542 3 1224979098644774913 60 1 2147484188 3 1224979098644774912 2 2 6 3 1224979098644774914 0 30 540 3 1224979098644774912 12 0 2136 3 1224979098644774915 648518346341351445 648518346341351474 2204 2 1224979098644774916 1224979098644774915 2190 3 1224979098644774917 1224979098644774916 1224979098644774913 2147483680 2 1224979098644774917 0 500 3 1224979098644774912 12 1224979098644774915 4 0 31 2 144115188075856185 1 2322 2 4 1224979098644774912 2330 2 5 1224979098644774915 1106 1 1585267068834414744 3 0 3 0 3 0  0 
360.000000 0.000000 0.000000  0  0 
24.500000 0.000000 0.000000  0  147 2133 2 1224979098644774912 0 2133 2 1224979098644774913 100 6 3 1224979098644774914 360287970189639975 360287970189639991 110 1 1224979098644774914 2105 2 1224979098644774912 1 3 0 2106 2 1224979098644774913 1224979098644774912 2170 3 1224979098644774915 1369094286720630791 360287970189639680 2105 2 1224979098644774913 1224979098644774915 2133 2 72057594037927943 1224979098644774913 4 0 32 2 144115188075855887 0 31 2 144115188075857140 0 4 0 520 3 1224979098644774916 144115188075855887 71 110 1 144115188075855887 110 1 1224979098644774916 2133 2 144115188075855886 144115188075855887 3 0 2133 2 144115188075855887 0 3 0 2133 2 144115188075855890 0 6 3 1224979098644774917 360287970189639975 360287970189639991 4 0 540 3 1224979098644774917 81 1 2136 3 1224979098644774918 0 100 2147483678 2 1224979098644774918 40 500 3 1224979098644774917 81 0 3 0 4 0 540 3 1224979098644774917 5 1 500 3 1224979098644774917 80 1 3 0 520 3 1224979098644774919 1224979098644774917 2 4 0 31 2 1224979098644774919 11 520 3 1224979098644774920 1224979098644774917 84 2322 2 31 1224979098644774917 520 3 1224979098644774921 360287970189639680 7 32 2 1224979098644774921 1224979098644774920 2136 3 1224979098644774918 0 100 2147483678 2 1224979098644774918 30 500 3 1224979098644774917 77 0 500 3 1224979098644774917 69 0 500 3 1224979098644774917 2 0 3 0 4 0 560 3 1224979098644774917 146 5 540 3 1224979098644774917 147 1 520 3 1224979098644774916 1224979098644774917 144 540 3 1224979098644774916 145 0 500 3 1224979098644774916 145 1 2322 2 3 1224979098644774917 2322 2 4 1224979098644774916 4 0 31 2 144115188075856185 1 1106 1 216172782113786450 3 0 3 0 4 0 110 1 1224979098644774917 1 2 936748722493063592 1224979098644774917 2133 2 1224979098644774922 72057594037927936 4 0 2147483678 2 1224979098644774922 30 2136 3 1224979098644774923 0 50 2105 2 1224979098644774922 1224979098644774923 2147483678 2 1224979098644774922 45 2133 2 144115188075855888 1224979098644774917 3 0 520 3 1224979098644774924 1224979098644774917 77 2107 2 1224979098644774924 90 2108 2 1224979098644774924 1224979098644774913 500 3 1224979098644774917 77 1224979098644774924 520 3 1224979098644774924 1224979098644774917 69 2107 2 1224979098644774924 90 2108 2 1224979098644774924 1224979098644774913 500 3 1224979098644774917 69 1224979098644774924 4 0 1073742384 3 1224979098644774917 72 1 31 2 144115188075857140 1 520 3 1224979098644774925 1224979098644774917 71 110 1 1224979098644774925 1 4 936748722493063594 1224979098644774917 1224979098644774925 72 3 0 4 0 1073742384 3 1224979098644774917 74 1 31 2 144115188075857140 1 520 3 1224979098644774925 1224979098644774917 73 110 1 1224979098644774925 1 4 936748722493063594 1224979098644774917 1224979098644774925 74 3 0 4 0 1073742384 3 1224979098644774917 76 1 31 2 144115188075857140 1 520 3 1224979098644774925 1224979098644774917 75 110 1 1224979098644774925 520 3 1224979098644774924 1224979098644774917 77 2107 2 1224979098644774924 9 2108 2 1224979098644774924 10 500 3 1224979098644774917 77 1224979098644774924 3 0 4 0 31 2 144115188075857140 0 31 2 144115188075855886 0 31 2 144115188075856003 0 31 2 144115188075855887 0 540 3 1224979098644774917 72 0 520 3 1224979098644774916 1224979098644774917 71 110 1 1224979098644774916 2133 2 144115188075855887 1224979098644774917 3 0 4 0 31 2 144115188075855889 0 540 3 1224979098644774917 145 1 2133 2 144115188075855889 1224979098644774917 3 0 5 0 31 2 1224979098644774919 5 2147484208 3 1224979098644774917 8 0 520 3 1224979098644774926 1224979098644774917 148 4 0 540 3 1224979098644774917 147 4 200 1 504403158265495597 522 3 1224979098644774927 1224979098644774926 11 546 3 504403158265495597 6 1224979098644774927 500 3 1224979098644774917 147 8 500 3 1224979098644774917 146 0 3 0 520 3 1224979098644774928 1224979098644774917 146 4 0 32 2 1224979098644774928 0 2106 2 1224979098644774928 1 500 3 1224979098644774917 146 1224979098644774928 5 0 540 3 1224979098644774917 147 8 4 0 31 2 144115188075855890 0 101 1 648518346341351424 2133 2 144115188075855890 1224979098644774917 3 0 5 0 560 3 1224979098644774917 147 1 2133 2 144115188075855890 1224979098644774917 3 0 3 0 3 0 
1.000000 0.000000 0.000000  15 1506 2 1224979098644774912 360287970189639680 2109 2 1224979098644774912 2 31 2 1224979098644774912 1 6 3 1224979098644774913 360287970189639975 360287970189639991 540 3 1224979098644774913 2 5 1540 2 1224979098644774914 1224979098644774913 6 3 1224979098644774915 0 1224979098644774914 1541 3 1224979098644774916 1224979098644774913 1224979098644774915 30 2 1224979098644774916 0 1073741855 2 1224979098644774916 288230376151712563 31 2 1224979098644774916 288230376151712563 372 1 80 2133 2 1224979098644774914 0 3 0 3 0  0 
2.000000 0.000000 0.000000  2 2147483679 2 144115188075857038 0 2147483679 2 144115188075856014 1  57 2157 2 72057594037927936 648518346341351424 4 0 2147483678 2 72057594037927936 2 501 3 648518346341351424 250 0 5 0 2273 0 4 0 31 2 144115188075856314 144115188075856183 2133 2 144115188075855891 1 5 0 521 3 72057594037927936 648518346341351424 250 2147483679 2 144115188075856203 1 2147483679 2 144115188075856255 144115188075855973 2147483679 2 144115188075855908 1 2147483718 1 57 2105 2 72057594037927936 1 501 3 648518346341351424 250 72057594037927936 5 0 2106 2 72057594037927936 1 2111 2 72057594037927936 0 501 3 648518346341351424 250 72057594037927936 3 0 5 0 2147483679 2 144115188075855891 0 521 3 72057594037927936 648518346341351424 250 4 0 2147483678 2 72057594037927936 3 501 3 648518346341351424 250 0 5 0 2108 2 72057594037927936 2 501 3 648518346341351424 250 72057594037927936 3 0 2133 2 1224979098644774912 72057594037927936 4 0 30 2 144115188075856314 0 1073742365 3 144115188075856314 0 3 1073742365 3 144115188075856314 0 2 541 3 144115188075856314 0 4 2105 2 1224979098644774912 1 3 0 1106 1 1585267068834414745 1 2 936748722493063436 1224979098644774912 2133 2 144115188075855891 0 5 0 2271 1 72057594037927936 33 3 72057594037927936 6 8 521 3 72057594037927936 648518346341351424 250 4 0 32 2 72057594037927936 4 2147483678 2 72057594037927936 6 1106 2 1585267068834414746 16764108 3 0 4 0 30 2 72057594037927936 10 1106 2 1585267068834414746 16764108 3 0 3 0 
0.300000 0.000000 1.100000  7 2147483679 2 144115188075856177 9 2147483679 2 144115188075856177 16 2147483679 2 144115188075856177 10 200 1 504403158265495635 2147483850 1 504403158265495635 2301 2 1224979098644774912 576460752303423589 2147483678 2 144115188075856034 1224979098644774912  2 1 2 936748722493063531 504403158265495635 1 3 936748722493063432 432345564227567619 0 
0.000000 0.000000 48.000000  5 2147483679 2 144115188075856177 9 2147483679 2 144115188075856177 16 2147483679 2 144115188075856177 10 1073742024 1 504403158265495634 200 1 504403158265495633  5 1 3 936748722493063666 432345564227567636 432345564227567639 2133 2 1224979098644774912 72057594037927936 2147483679 2 1224979098644774912 -2 1 4 936748722493063439 432345564227567636 432345564227567639 94 1 4 936748722493063439 432345564227567638 432345564227567639 94 
0.000000 0.000000 1.000000  5 2147483679 2 144115188075856177 9 2147483679 2 144115188075856177 16 2147483679 2 144115188075856177 10 200 1 504403158265495634 546 3 504403158265495634 11 4  7 4 0 1 3 936748722493063666 432345564227567636 432345564227567639 2133 2 1224979098644774912 72057594037927936 31 2 1224979098644774912 -2 1 4 936748722493063444 432345564227567636 432345564227567639 1 1 4 936748722493063444 432345564227567638 432345564227567639 1 3 0 
0.000000 0.000000 6.000000  6 2147483679 2 144115188075856177 9 2147483679 2 144115188075856177 16 2147483679 2 144115188075856177 10 200 1 504403158265495638 526 3 1224979098644774912 504403158265495638 11 31 2 1224979098644774912 1  17 4 0 31 2 144115188075855977 2 2204 2 1224979098644774912 648518346341351510 1 3 936748722493063666 1224979098644774912 432345564227567639 2133 2 1224979098644774913 72057594037927936 2147483679 2 1224979098644774913 -2 2147483679 2 1224979098644774912 432345564227567639 1 4 936748722493063439 1224979098644774912 432345564227567639 1 5 0 31 2 144115188075855977 1 2204 2 1224979098644774912 648518346341351514 1 3 936748722493063666 1224979098644774912 432345564227567636 2133 2 1224979098644774913 72057594037927936 2147483679 2 1224979098644774913 -2 2147483679 2 1224979098644774912 432345564227567636 1 4 936748722493063439 1224979098644774912 432345564227567636 1 3 0 
0.000000 0.000000 24.000000  5 2147483679 2 144115188075856177 9 2147483679 2 144115188075856177 16 2147483679 2 144115188075856177 10 1073742024 1 504403158265495644 200 1 504403158265495638  13 4 0 542 3 432345564227567637 21 0 1 3 936748722493063666 432345564227567637 432345564227567639 2133 2 1224979098644774912 72057594037927936 2147483679 2 1224979098644774912 -2 1 4 936748722493063439 432345564227567637 432345564227567639 1 3 0 4 0 1 3 936748722493063666 432345564227567636 432345564227567638 2133 2 1224979098644774912 72057594037927936 2147483679 2 1224979098644774912 1 1 4 936748722493063444 432345564227567636 432345564227567638 1 3 0 
0.000000 0.000000 6.000000  5 2147483679 2 144115188075856177 9 2147483679 2 144115188075856177 16 2147483679 2 144115188075856177 10 200 1 504403158265495644 202 1 504403158265495644  66 4 0 1 3 936748722493063666 432345564227567636 432345564227567639 2133 2 1224979098644774912 72057594037927936 2147483679 2 1224979098644774912 -2 1 4 936748722493063439 432345564227567636 432345564227567639 1 3 0 4 0 1 3 936748722493063666 432345564227567638 432345564227567639 2133 2 1224979098644774912 72057594037927936 2147483679 2 1224979098644774912 -2 1 4 936748722493063439 432345564227567638 432345564227567639 1 3 0 4 0 1 3 936748722493063666 432345564227567636 432345564227567638 2133 2 1224979098644774912 72057594037927936 2147483679 2 1224979098644774912 1 1 4 936748722493063444 432345564227567636 432345564227567638 1 3 0 6 3 1224979098644774913 648518346341351490 648518346341351494 2204 2 1224979098644774914 1224979098644774913 2147483679 2 1224979098644774914 432345564227567639 1617 1 1224979098644774913 1610 3 1224979098644774913 360287970189639721 42 1610 3 1224979098644774913 360287970189639725 82 1 3 936748722493063389 1224979098644774913 432345564227567639 1 4 936748722493063393 648518346341351461 360287970189640072 0 1 4 936748722493063393 648518346341351462 360287970189640070 0 1 4 936748722493063393 648518346341351463 360287970189640069 0 1 4 936748722493063393 648518346341351464 360287970189640068 0 3 0 4 0 2204 2 1224979098644774914 648518346341351456 2147483679 2 1224979098644774914 432345564227567639 1617 1 1224979098644774913 1610 3 1224979098644774913 360287970189639721 42 1610 3 1224979098644774913 360287970189639725 82 1610 3 1224979098644774913 360287970189639727 42 1 3 936748722493063389 648518346341351456 432345564227567639 1 4 936748722493063393 648518346341351456 360287970189640073 0 3 0 11 1 1224979098644774915 541 3 1224979098644774915 0 13 132 1 1224979098644774915 1652 3 1224979098644774916 1224979098644774915 0 1507 1 1224979098644774916 4 0 33 3 1224979098644774916 360287970189640066 360287970189640073 1623 3 1224979098644774915 648518346341351456 4 3 0 4 0 31 2 1224979098644774916 360287970189640062 1623 3 1224979098644774915 648518346341351456 4 3 0 4 0 31 2 1224979098644774916 360287970189639998 1623 3 1224979098644774915 648518346341351456 4 3 0 3 0 6 3 1224979098644774913 648518346341351564 648518346341351714 1073741857 3 1224979098644774913 648518346341351576 648518346341351578 1073741857 3 1224979098644774913 648518346341351675 648518346341351677 1073741857 3 1224979098644774913 648518346341351683 648518346341351685 1073741855 2 1224979098644774913 648518346341351584 31 2 1224979098644774913 648518346341351587 1 3 936748722493063414 1224979098644774913 2 3 0 
0.000000 0.000000 24.000000  7 37 0 1608 2 1224979098644774912 648518346341351424 2147483679 2 1224979098644774912 0 2147483679 2 1224979098644774912 7 2147483679 2 1224979098644774912 8 31 2 144115188075855908 0 31 2 144115188075855892 1  71 1650 2 1224979098644774912 648518346341351424 2133 2 1224979098644774913 0 6 3 1224979098644774914 0 1224979098644774912 1653 3 1224979098644774915 648518346341351424 1224979098644774914 2105 2 1224979098644774913 1224979098644774915 3 0 4 0 2147483678 2 1224979098644774913 40 2133 2 144115188075855892 0 5 0 2167 2 1224979098644774916 360287970189639680 32 2 1224979098644774916 3 2133 2 1224979098644774917 0 1540 2 1224979098644774918 360287970189639680 6 3 1224979098644774919 0 1224979098644774918 1541 3 1224979098644774920 360287970189639680 1224979098644774919 30 2 1224979098644774920 0 33 3 1224979098644774920 288230376151711856 288230376151711871 2105 2 1224979098644774917 1 3 0 4 0 2147483678 2 1224979098644774917 8 2136 3 1224979098644774921 0 100 4 0 30 2 1224979098644774921 70 1120 2 216172782113787163 1585267068834414747 1106 2 216172782113787163 65280 1530 3 360287970189639680 288230376151711866 0 4 0 30 2 1224979098644774913 200 1530 3 360287970189639680 288230376151711866 0 3 0 4 0 30 2 1224979098644774913 400 1530 3 360287970189639680 288230376151711866 0 3 0 1 2 936748722493063436 2 5 0 30 2 1224979098644774921 40 1120 2 216172782113787164 1585267068834414747 1106 2 216172782113787164 16776960 1530 3 360287970189639680 288230376151711865 0 4 0 30 2 1224979098644774913 200 1530 3 360287970189639680 288230376151711865 0 3 0 4 0 30 2 1224979098644774913 400 1530 3 360287970189639680 288230376151711865 0 3 0 6 3 1224979098644774922 648518346341351564 648518346341351714 2281 3 1224979098644774923 648518346341351424 1224979098644774922 2147483678 2 1224979098644774923 15 1 3 936748722493063430 1224979098644774922 -2 3 0 5 0 30 2 1224979098644774921 10 1120 2 216172782113787165 1585267068834414747 1106 2 216172782113787165 16711680 5 0 1120 2 216172782113787166 1585267068834414747 1106 2 216172782113787166 16711680 2133 2 144115188075855892 0 2136 3 1224979098644774924 2 5 2133 2 1224979098644774925 1224979098644774924 6 3 1224979098644774926 0 1224979098644774925 1 2 936748722493063599 648518346341351424 3 0 3 0 3 0 3 0 
0.000000 0.000000 25.000000  7 37 0 1608 2 1224979098644774912 648518346341351424 2147483679 2 1224979098644774912 0 2147483679 2 1224979098644774912 7 2147483679 2 1224979098644774912 8 31 2 144115188075855908 0 31 2 144115188075855893 1  39 1650 2 1224979098644774912 648518346341351424 2133 2 1224979098644774913 0 6 3 1224979098644774914 0 1224979098644774912 1653 3 1224979098644774915 648518346341351424 1224979098644774914 2105 2 1224979098644774913 1224979098644774915 3 0 4 0 2147483678 2 1224979098644774913 30 2133 2 144115188075855893 0 5 0 6 3 1224979098644774916 648518346341351445 648518346341351564 2204 2 1224979098644774917 1224979098644774916 2190 3 1224979098644774918 432345564227567630 1224979098644774917 2147483678 2 1224979098644774918 0 2281 3 1224979098644774919 648518346341351424 1224979098644774916 4 0 2147483678 2 1224979098644774919 25 2136 3 1224979098644774920 0 100 4 0 30 2 1224979098644774920 85 1120 2 216172782113787167 1585267068834414748 1106 2 216172782113787167 65280 5 0 1073741855 2 144115188075856203 2 30 2 1224979098644774920 40 5 0 1120 2 216172782113787168 1585267068834414748 1106 2 216172782113787168 16711680 2133 2 144115188075855893 0 2136 3 1224979098644774921 2 5 2133 2 1224979098644774922 1224979098644774921 6 3 1224979098644774923 0 1224979098644774922 1 2 936748722493063599 648518346341351424 3 0 3 0 3 0 3 0 5 0 3 0 
26.000000 0.000000 0.000000  20 37 0 31 2 144115188075856205 0 31 2 144115188075855908 0 1608 2 1224979098644774912 648518346341351424 2147483679 2 1224979098644774912 0 2147483679 2 1224979098644774912 7 2147483679 2 1224979098644774912 8 1671 2 1224979098644774913 648518346341351424 1073741855 2 144115188075856185 1 2147483678 2 1224979098644774913 36 1650 2 1224979098644774914 648518346341351424 2133 2 1224979098644774915 0 6 3 1224979098644774916 0 1224979098644774914 1653 3 1224979098644774917 648518346341351424 1224979098644774916 2105 2 1224979098644774915 1224979098644774917 3 0 1 1 936748722493063198 2108 2 72057594037927936 2 1073741855 2 144115188075856185 1 30 2 1224979098644774915 72057594037927936  17 2136 3 1224979098644774912 0 100 4 0 31 2 144115188075856185 1 2108 2 1224979098644774912 2 2105 2 1224979098644774912 65 3 0 1671 2 1224979098644774913 648518346341351424 2106 2 1224979098644774912 1224979098644774913 4 0 30 2 1224979098644774912 40 2133 2 144115188075855894 0 2060 1 864691128455135589 5 0 30 2 1224979098644774912 15 1120 2 216172782113787169 1585267068834414749 1106 2 216172782113787169 16711680 3 0 
72.000000 0.000000 100000000.000000  18 37 1 0 2171 2 1224979098644774912 360287970189639680 30 2 1224979098644774912 8 560 3 360287970189639680 7 150 31 2 144115188075857455 1 2133 2 1224979098644774913 0 4 0 542 3 432345564227567631 21 0 520 3 1224979098644774914 360287970189639680 30 1073742366 3 432345564227567631 11 360287970189639680 542 3 432345564227567631 11 1224979098644774914 2133 2 1224979098644774913 1 3 0 4 0 541 3 648518346341351641 7 360287970189639680 2133 2 1224979098644774913 1 3 0 31 2 1224979098644774913 0  1 2060 1 864691128455135633 
72.000000 0.000000 100000000.000000  2 200 1 504403158265495674 546 3 504403158265495674 11 4  1 2060 1 864691128455135634 
12.000000 0.000000 0.000000  4 1073742024 1 504403158265495670 1073742024 1 504403158265495671 1073742024 1 504403158265495672 200 1 504403158265495673  25 4 0 200 1 504403158265495670 541 3 648518346341351448 7 360287970189639680 541 3 648518346341351449 7 360287970189639680 541 3 648518346341351455 7 360287970189639680 1 2 936748722493063531 504403158265495670 5 0 200 1 504403158265495671 541 3 648518346341351457 7 360287970189639680 541 3 648518346341351461 7 360287970189639680 541 3 648518346341351453 7 360287970189639680 1 2 936748722493063531 504403158265495671 5 0 200 1 504403158265495672 541 3 648518346341351469 7 360287970189639680 541 3 648518346341351472 7 360287970189639680 541 3 648518346341351473 7 360287970189639680 1 2 936748722493063531 504403158265495672 5 0 200 1 504403158265495673 541 3 648518346341351456 7 360287970189639680 541 3 648518346341351460 7 360287970189639680 541 3 648518346341351454 7 360287970189639680 1 2 936748722493063531 504403158265495673 3 0 
24.000000 0.000000 0.000000  1 31 2 144115188075856014 1  14 2149 2 1224979098644774912 360287970189639680 4 0 30 2 1224979098644774912 100 1529 2 360287970189639680 100 1106 2 1585267068834414750 16711680 2136 3 1224979098644774913 1 10 4 0 2147483680 2 1224979098644774913 4 1 2 936748722493063436 -1 3 0 5 0 1106 2 1585267068834414751 16711680 1 2 936748722493063436 -5 3 0 
12.000000 0.000000 0.000000  2 31 2 144115188075857376 1 132 1 648518346341351424  16 521 3 1224979098644774912 648518346341351445 418 2270 1 1224979098644774913 2136 3 1224979098644774914 50 96 2120 3 1224979098644774915 1224979098644774912 1224979098644774914 4 0 32 2 1224979098644774913 1224979098644774915 2136 3 1224979098644774916 1 9 4 0 32 2 1224979098644774916 3 2060 1 864691128455135694 2133 2 144115188075855987 0 5 0 2060 1 864691128455135693 2133 2 144115188075855987 0 3 0 3 0 
12.000000 0.000000 0.000000  3 2147483679 2 144115188075857376 1 31 2 144115188075855987 1 132 1 648518346341351424  15 4 0 2133 2 1224979098644774912 144115188075855984 521 3 1224979098644774913 648518346341351445 418 2270 1 1224979098644774914 2120 3 1224979098644774915 1224979098644774913 144115188075856364 32 2 1224979098644774914 1224979098644774915 4 0 132 1 1224979098644774912 2060 1 864691128455135691 2133 2 144115188075855987 0 5 0 2060 1 864691128455135692 2133 2 144115188075855987 0 3 0 3 0 
40.000000 6.000000 100000000.000000  2 37 1 0 2147483679 2 144115188075856177 8  1 900 1 1513209474796486755 
13.000000 6.000000 100000000.000000  3 37 1 0 2147483679 2 144115188075856177 8 31 2 144115188075857371 0  3 2133 2 144115188075855915 1 2133 2 144115188075857371 1 2060 1 864691128455135782 
25.000000 0.000000 0.000000  2 526 3 1224979098644774912 504403158265495648 100 30 2 1224979098644774912 1  2 2133 2 144115188075855915 1 1 1 936748722493063809 
60.000000 0.000000 0.000000  4 31 2 144115188075856177 8 2147483848 1 504403158265495644 2147483848 1 504403158265495645 2147483848 1 504403158265495646  68 6 3 1224979098644774912 648518346341351474 648518346341351482 2204 2 1224979098644774913 1224979098644774912 2147483679 2 1224979098644774913 432345564227567639 1 3 936748722493063389 1224979098644774912 432345564227567639 1 4 936748722493063450 864691128455135485 1224979098644774912 432345564227567639 3 0 6 3 1224979098644774912 648518346341351494 648518346341351502 2204 2 1224979098644774913 1224979098644774912 2147483679 2 1224979098644774913 432345564227567636 1 3 936748722493063389 1224979098644774912 432345564227567636 1 4 936748722493063450 864691128455135485 1224979098644774912 432345564227567636 3 0 4 0 2204 2 1224979098644774913 648518346341351460 2147483679 2 1224979098644774913 432345564227567636 1 3 936748722493063389 648518346341351460 432345564227567636 1 4 936748722493063450 864691128455135485 648518346341351460 432345564227567636 3 0 4 0 2204 2 1224979098644774913 648518346341351445 2147483679 2 1224979098644774913 432345564227567636 1 3 936748722493063389 648518346341351445 432345564227567636 1 4 936748722493063450 864691128455135485 648518346341351445 432345564227567636 3 0 4 0 2204 2 1224979098644774913 648518346341351446 2147483679 2 1224979098644774913 432345564227567636 1 3 936748722493063389 648518346341351446 432345564227567636 1 4 936748722493063450 864691128455135485 648518346341351446 432345564227567636 3 0 4 0 2204 2 1224979098644774913 648518346341351471 2147483679 2 1224979098644774913 432345564227567639 1 3 936748722493063389 648518346341351471 432345564227567639 1 4 936748722493063450 864691128455135485 648518346341351471 432345564227567639 3 0 4 0 2204 2 1224979098644774913 648518346341351454 2147483679 2 1224979098644774913 432345564227567639 1 3 936748722493063389 648518346341351454 432345564227567639 1 4 936748722493063450 864691128455135485 648518346341351454 432345564227567639 3 0 4 0 2204 2 1224979098644774913 648518346341351447 2147483679 2 1224979098644774913 432345564227567639 1 3 936748722493063389 648518346341351447 432345564227567639 1 4 936748722493063450 864691128455135485 648518346341351447 432345564227567639 3 0 4 0 2204 2 1224979098644774913 648518346341351482 2147483679 2 1224979098644774913 432345564227567638 1 3 936748722493063389 648518346341351482 432345564227567638 1 4 936748722493063450 864691128455135485 648518346341351482 432345564227567638 3 0 4 0 2147483848 1 504403158265495638 2204 2 1224979098644774913 648518346341351514 2147483679 2 1224979098644774913 432345564227567640 1 3 936748722493063389 648518346341351514 432345564227567640 1 4 936748722493063450 864691128455135485 648518346341351514 432345564227567640 3 0 4 0 2147483848 1 504403158265495638 2204 2 1224979098644774913 648518346341351510 2147483679 2 1224979098644774913 432345564227567651 1 3 936748722493063389 648518346341351510 432345564227567651 1 4 936748722493063450 864691128455135485 648518346341351510 432345564227567651 3 0 
168.000000 0.000000 0.000000  1 2147483678 2 2044 1100  182 1107 1 0 4 0 4 0 2319 1 31 2319 1 32 2319 1 40 2272 1 1224979098644774912 2133 2 72057594037927936 1224979098644774912 2320 2 40 1585267068834414752 6 3 1224979098644774913 0 30 500 3 360287970189640835 1224979098644774913 -1 500 3 360287970189640836 1224979098644774913 0 500 3 360287970189640837 1224979098644774913 0 3 0 500 3 360287970189640835 0 648518346341351445 500 3 360287970189640835 1 648518346341351617 500 3 360287970189640835 2 648518346341351618 500 3 360287970189640835 3 648518346341351664 500 3 360287970189640835 4 648518346341351871 500 3 360287970189640835 5 648518346341351614 500 3 360287970189640835 6 648518346341351455 500 3 360287970189640835 7 648518346341351472 500 3 360287970189640835 8 648518346341351468 500 3 360287970189640835 9 648518346341351469 500 3 360287970189640835 10 648518346341351631 500 3 360287970189640835 11 648518346341351543 500 3 360287970189640835 12 648518346341351465 500 3 360287970189640835 13 648518346341351531 500 3 360287970189640835 14 648518346341351459 500 3 360287970189640835 15 648518346341351454 500 3 360287970189640835 16 648518346341351471 500 3 360287970189640835 17 648518346341351447 500 3 360287970189640835 18 648518346341351505 500 3 360287970189640835 19 648518346341351574 500 3 360287970189640835 20 648518346341351467 500 3 360287970189640835 21 648518346341351491 500 3 360287970189640835 22 648518346341351466 500 3 360287970189640835 23 648518346341351457 500 3 360287970189640835 24 648518346341351604 500 3 360287970189640835 25 648518346341351470 500 3 360287970189640835 26 648518346341351461 500 3 360287970189640835 27 648518346341351446 500 3 360287970189640835 28 648518346341351460 4 0 11 1 1224979098644774914 2147483679 2 1224979098644774914 -1 132 1 1224979098644774914 1609 2 1224979098644774915 1224979098644774914 33 3 1224979098644774915 576460752303423494 576460752303423507 2330 2 1 1224979098644774914 2133 2 1224979098644774916 99999 2133 2 72057594037927936 -1 2133 2 1224979098644774917 29 6 3 1224979098644774913 0 1224979098644774917 520 3 1224979098644774918 360287970189640835 1224979098644774913 2281 3 1224979098644774919 1224979098644774914 1224979098644774918 2147483678 2 1224979098644774919 1224979098644774916 2133 2 1224979098644774916 1224979098644774919 2133 2 72057594037927936 1224979098644774918 2133 2 72057594037927937 1224979098644774919 3 0 4 0 32 2 72057594037927937 35 520 3 1224979098644774920 360287970189640836 29 2105 2 1224979098644774920 1 500 3 360287970189640836 29 1224979098644774920 2133 2 72057594037927936 -1 5 0 6 3 1224979098644774913 0 1224979098644774917 520 3 1224979098644774918 360287970189640835 1224979098644774913 31 2 1224979098644774918 72057594037927936 520 3 1224979098644774920 360287970189640836 1224979098644774913 2105 2 1224979098644774920 1 500 3 360287970189640836 1224979098644774913 1224979098644774920 2133 2 1224979098644774917 -1 3 0 3 0 3 0 3 0 2319 1 31 4 0 6 3 1224979098644774913 0 29 520 3 1224979098644774921 360287970189640835 1224979098644774913 520 3 1224979098644774920 360287970189640836 1224979098644774913 2330 2 1 1224979098644774921 2133 2 72057594037927937 1224979098644774921 2133 2 72057594037927936 1224979098644774920 2320 2 31 1585267068834414753 3 0 520 3 1224979098644774920 360287970189640836 29 2133 2 72057594037927936 1224979098644774920 2320 2 31 1585267068834414754 3 0 2320 2 40 1585267068834414755 2319 1 31 3 0 4 0 2320 2 31 1585267068834414756 6 3 1224979098644774915 576460752303423494 576460752303423507 2310 2 1224979098644774922 1224979098644774915 2300 2 1224979098644774923 1224979098644774915 2301 2 1224979098644774924 1224979098644774915 2133 2 72057594037927936 1224979098644774915 2133 2 72057594037927937 1224979098644774922 2133 2 72057594037927938 1224979098644774923 2133 2 72057594037927939 1224979098644774924 2320 2 31 1585267068834414757 3 0 3 0 2320 2 40 1585267068834414755 2319 1 31 2323 2 31 360287970189640966 2320 2 40 1585267068834414758 1502 2 360287970189640966 40 2319 1 40 2319 1 31 3 0 4 0 2319 1 40 2319 1 31 2272 1 72057594037927936 2320 2 40 1585267068834414759 2133 2 72057594037927936 0 2133 2 72057594037927937 0 2133 2 72057594037927938 0 2133 2 72057594037927939 0 2133 2 72057594037927940 0 2133 2 72057594037927941 0 2133 2 72057594037927942 0 2133 2 72057594037927943 0 2133 2 72057594037927944 0 2133 2 72057594037927936 0 1601 2 72057594037927945 648518346341351424 1650 2 1224979098644774925 648518346341351424 6 3 1224979098644774926 0 1224979098644774925 1653 3 1224979098644774927 648518346341351424 1224979098644774926 1652 3 1224979098644774928 648518346341351424 1224979098644774926 2147485155 1 1224979098644774928 2171 2 1224979098644774929 1224979098644774928 2105 2 72057594037927942 1224979098644774927 4 0 2147483678 2 1224979098644774929 18 2105 2 72057594037927937 1224979098644774927 2105 2 72057594037927943 1224979098644774927 5 0 2147483678 2 1224979098644774929 23 2105 2 72057594037927938 1224979098644774927 2105 2 72057594037927943 1224979098644774927 5 0 2147483678 2 1224979098644774929 26 2105 2 72057594037927939 1224979098644774927 2105 2 72057594037927943 1224979098644774927 5 0 2147483678 2 1224979098644774929 29 2105 2 72057594037927940 1224979098644774927 2105 2 72057594037927944 1224979098644774927 5 0 2105 2 72057594037927941 1224979098644774927 2105 2 72057594037927944 1224979098644774927 3 0 3 0 4 0 32 2 72057594037927943 0 32 2 72057594037927942 0 2107 2 72057594037927943 100 2108 2 72057594037927943 72057594037927942 3 0 4 0 32 2 72057594037927944 0 32 2 72057594037927942 0 2107 2 72057594037927944 100 2108 2 72057594037927944 72057594037927942 3 0 521 3 72057594037927936 648518346341351424 56 2320 2 40 1585267068834414760 2323 2 31 360287970189640965 2320 2 40 1585267068834414761 1502 2 360287970189640965 40 2319 1 40 2319 1 31 3 0 1107 1 1 
0.000000 0.000000 0.000000  3 71 1 45 70 1 29 30 2 144115188075857384 1  19 6 3 1224979098644774912 648518346341351445 648518346341351564 521 3 1224979098644774913 1224979098644774912 50 2119 3 1224979098644774914 1224979098644774912 2 4 0 31 2 1224979098644774914 1 2122 3 1224979098644774915 1224979098644774913 8 2108 2 1224979098644774915 10 2106 2 1224979098644774915 1224979098644774913 5 0 2122 3 1224979098644774915 1224979098644774913 5 2108 2 1224979098644774915 10 2106 2 1224979098644774915 1224979098644774913 3 0 1 3 936748722493063582 1224979098644774912 1224979098644774915 1 2 936748722493063410 1224979098644774912 2108 2 72057594037927936 3 501 3 1224979098644774912 53 72057594037927936 3 0 1 1 936748722493063853 
0.000000 0.000000 100000000.000000  1 37 1 0  6 4 0 2272 1 72057594037927937 2147483680 2 72057594037927937 1 2133 2 144115188075857026 1513209474796486754 2060 1 864691128455135784 3 0 
24.000000 0.000000 0.000000  1 30 2 144115188075857384 1  1 1 1 936748722493063853 
