partiesfile version 1
449 449
 1 0 0 p_main_party Main_Party 1048576 0 0 39 0 0 0 0 0 -21.190000 63.450000 -21.190000 63.450000 -21.190000 63.450000 0.0 1 0 1 0 0 
0.000000
 1 1 1 p_temp_party {!}temp_party 256 0 0 1 0 0 0 0 0 0.000000 0.000000 0.000000 0.000000 0.000000 0.000000 0.0 0 
0.000000
 1 2 2 p_camp_bandits {!}camp_bandits 256 0 0 2 0 0 0 0 0 1.000000 1.000000 1.000000 1.000000 1.000000 1.000000 0.0 1 3 3 0 0 
0.000000
 1 3 3 p_freelancer_party_backup {!} 256 0 0 3 0 0 0 0 0 1.000000 1.000000 1.000000 1.000000 1.000000 1.000000 0.0 0 
0.000000
 1 4 4 p_temp_party_2 {!}temp_party_2 256 0 0 1 0 0 0 0 0 0.000000 0.000000 0.000000 0.000000 0.000000 0.000000 0.0 0 
0.000000
 1 5 5 p_temp_casualties {!}casualties 256 0 0 3 0 0 0 0 0 1.000000 1.000000 1.000000 1.000000 1.000000 1.000000 0.0 0 
0.000000
 1 6 6 p_temp_casualties_2 {!}casualties 256 0 0 3 0 0 0 0 0 1.000000 1.000000 1.000000 1.000000 1.000000 1.000000 0.0 0 
0.000000
 1 7 7 p_temp_casualties_3 {!}casualties 256 0 0 3 0 0 0 0 0 1.000000 1.000000 1.000000 1.000000 1.000000 1.000000 0.0 0 
0.000000
 1 8 8 p_temp_wounded {!}enemies_wounded 256 0 0 3 0 0 0 0 0 1.000000 1.000000 1.000000 1.000000 1.000000 1.000000 0.0 0 
0.000000
 1 9 9 p_temp_killed {!}enemies_killed 256 0 0 3 0 0 0 0 0 1.000000 1.000000 1.000000 1.000000 1.000000 1.000000 0.0 0 
0.000000
 1 10 10 p_main_party_backup {!}_ 256 0 0 3 0 0 0 0 0 1.000000 1.000000 1.000000 1.000000 1.000000 1.000000 0.0 0 
0.000000
 1 11 11 p_encountered_party_backup {!}_ 256 0 0 3 0 0 0 0 0 1.000000 1.000000 1.000000 1.000000 1.000000 1.000000 0.0 0 
0.000000
 1 12 12 p_collective_friends_backup {!}_ 256 0 0 3 0 0 0 0 0 1.000000 1.000000 1.000000 1.000000 1.000000 1.000000 0.0 0 
0.000000
 1 13 13 p_player_casualties {!}_ 256 0 0 3 0 0 0 0 0 1.000000 1.000000 1.000000 1.000000 1.000000 1.000000 0.0 0 
0.000000
 1 14 14 p_enemy_casualties {!}_ 256 0 0 3 0 0 0 0 0 1.000000 1.000000 1.000000 1.000000 1.000000 1.000000 0.0 0 
0.000000
 1 15 15 p_ally_casualties {!}_ 256 0 0 3 0 0 0 0 0 1.000000 1.000000 1.000000 1.000000 1.000000 1.000000 0.0 0 
0.000000
 1 16 16 p_collective_enemy {!}collective_enemy 256 0 0 3 0 0 0 0 0 1.000000 1.000000 1.000000 1.000000 1.000000 1.000000 0.0 0 
0.000000
 1 17 17 p_collective_ally {!}collective_ally 256 0 0 3 0 0 0 0 0 1.000000 1.000000 1.000000 1.000000 1.000000 1.000000 0.0 0 
0.000000
 1 18 18 p_collective_friends {!}collective_ally 256 0 0 3 0 0 0 0 0 1.000000 1.000000 1.000000 1.000000 1.000000 1.000000 0.0 0 
0.000000
 1 19 19 p_total_enemy_casualties {!}_ 256 0 0 3 0 0 0 0 0 1.000000 1.000000 1.000000 1.000000 1.000000 1.000000 0.0 0 
0.000000
 1 20 20 p_routed_enemies {!}routed_enemies 256 0 0 3 0 0 0 0 0 1.000000 1.000000 1.000000 1.000000 1.000000 1.000000 0.0 0 
0.000000
 1 21 21 p_burning_buildings If_you_see_me,_report_the_fire_bug. 2114853 0 0 3 0 0 0 0 0 0.000000 -50.000000 0.000000 -50.000000 0.000000 -50.000000 0.0 0 
2.967060
 1 22 22 p_ship_colisions If_you_see_me,_report_the_colision_bug. 2114853 0 0 3 0 0 0 0 0 0.000000 -50.000000 0.000000 -50.000000 0.000000 -50.000000 0.0 0 
2.967060
 1 23 23 p_zendar Zendar 2114828 0 0 3 0 0 0 0 0 59.000000 111.000000 59.000000 111.000000 59.000000 111.000000 0.0 0 
0.000000
 1 24 24 p_town_1 Cantwaraburh 4219942 0 0 3 0 0 0 0 0 -260.331 19.2651 -260.331 19.2651 -260.331 19.2651 0.0 0 
2.967060
 1 25 25 p_town_2 Seals-ey 4219916 0 0 3 0 0 0 0 0 171.968 24.7233 171.968 24.7233 171.968 24.7233 0.0 0 
4.537856
 1 26 26 p_town_3 Din_Eidyn 4219916 0 0 3 0 0 0 0 0 213.384 -88.155 213.384 -88.155 213.384 -88.155 0.0 0 
1.396263
 1 27 27 p_town_4 Oxenaforda 4219918 0 0 3 0 0 0 0 0 40.7021 66.5213 40.7021 66.5213 40.7021 66.5213 0.0 0 
5.061455
 1 28 28 p_town_5 Caer_Maunguid 4219916 0 0 3 0 0 0 0 0 161.709 -78.8882 161.709 -78.8882 161.709 -78.8882 0.0 0 
1.570796
 1 29 29 p_town_6 Alt_Clut 4219916 0 0 3 0 0 0 0 0 268.059 -57.4248 268.059 -57.4248 268.059 -57.4248 0.0 0 
3.141593
 1 30 30 p_town_7 Caer_Ligualid 4219916 0 0 3 0 0 0 0 0 186.086 -76.1343 186.086 -76.1343 186.086 -76.1343 0.0 0 
2.094395
 1 31 31 p_town_8 Grantebrycge 4219918 0 0 3 0 0 0 0 0 -58.2162 85.0226 -58.2162 85.0226 -58.2162 85.0226 0.0 0 
3.054326
 1 32 32 p_town_9 Caer_Went 4219916 0 0 3 0 0 0 0 0 152.178 8.56481 152.178 8.56481 152.178 8.56481 0.0 0 
1.570796
 1 33 33 p_town_10 Eoferwic 4219918 0 0 3 0 0 0 0 0 117.562 56.7047 117.562 56.7047 117.562 56.7047 0.0 0 
5.410521
 1 34 34 p_town_11 Aegelesburh 4219918 0 0 3 0 0 0 0 0 23.6772 36.4406 23.6772 36.4406 23.6772 36.4406 0.0 0 
2.617994
 1 35 35 p_town_12 Lundenwic 4219918 0 0 3 0 0 0 0 0 228.325 32.5733 228.325 32.5733 228.325 32.5733 0.0 0 
0.436332
 1 36 36 p_town_13 Din_Gonwy 4219916 0 0 3 0 0 0 0 0 298.422 29.6235 298.422 29.6235 298.422 29.6235 0.0 0 
2.094395
 1 37 37 p_town_14 Rendlaesham 4219918 0 0 3 0 0 0 0 0 -41.4917 116.172 -41.4917 116.172 -41.4917 116.172 0.0 0 
2.356194
 1 38 38 p_town_15 Caer_Luit_Coyt 4219916 0 0 3 0 0 0 0 0 224.221 -53.9015 224.221 -53.9015 224.221 -53.9015 0.0 0 
2.356194
 1 39 39 p_town_16 Dorce_Ceaster 4219916 0 0 3 0 0 0 0 0 224.979 -11.8487 224.979 -11.8487 224.979 -11.8487 0.0 0 
2.356194
 1 40 40 p_town_17 Caer_Uisc 4219916 0 0 3 0 0 0 0 0 254.896 -36.7639 254.896 -36.7639 254.896 -36.7639 0.0 0 
4.450590
 1 41 41 p_town_18 Searoburh 4219916 0 0 3 0 0 0 0 0 218.632 3.81855 218.632 3.81855 218.632 3.81855 0.0 0 
2.356194
 1 42 42 p_town_19 Dun_At 4219942 0 0 3 0 0 0 0 0 -236.423 60.611 -236.423 60.611 -236.423 60.611 0.0 0 
3.316126
 1 43 43 p_town_20 Loidis 4219918 0 0 3 0 0 0 0 0 138.75 72.7786 138.75 72.7786 138.75 72.7786 0.0 0 
2.094395
 1 44 44 p_town_21 Nas_na_Riogh 4219942 0 0 3 0 0 0 0 0 -169.858 141.073 -169.858 141.073 -169.858 141.073 0.0 0 
1.396263
 1 45 45 p_town_22 Caer_Meguaidd 4219916 0 0 3 0 0 0 0 0 246.641 -112.871 246.641 -112.871 246.641 -112.871 0.0 0 
5.061455
 1 46 46 p_town_23 Licidfelth 4219918 0 0 3 0 0 0 0 0 80.0035 50.5762 80.0035 50.5762 80.0035 50.5762 0.0 0 
1.570796
 1 47 47 p_town_24 Linnuis 4219918 0 0 3 0 0 0 0 0 -10.2152 23.2355 -10.2152 23.2355 -10.2152 23.2355 0.0 0 
2.705260
 1 48 48 p_town_25 Caer_Peris 4219916 0 0 3 0 0 0 0 0 271.932 15.473 271.932 15.473 271.932 15.473 0.0 0 
4.188790
 1 49 49 p_town_26 Brycheiniog 4219916 0 0 3 0 0 0 0 0 308.978 22.1445 308.978 22.1445 308.978 22.1445 0.0 0 
2.967060
 1 50 50 p_town_27 Bebbanburh 4219918 0 0 3 0 0 0 0 0 145.475 61.9866 145.475 61.9866 145.475 61.9866 0.0 0 
0.000000
 1 51 51 p_town_28 Llys_Pengwern 4219916 0 0 3 0 0 0 0 0 250.19 -59.1868 250.19 -59.1868 250.19 -59.1868 0.0 0 
1.396263
 1 52 52 p_town_29 Din_Bych 4219916 0 0 3 0 0 0 0 0 185.404 -10.9182 185.404 -10.9182 185.404 -10.9182 0.0 0 
5.061455
 1 53 53 p_town_30 Cruaghan 4219942 0 0 3 0 0 0 0 0 -176.632 80.5705 -176.632 80.5705 -176.632 80.5705 0.0 0 
1.570796
 1 54 54 p_town_31 Temair 4219932 0 0 3 0 0 0 0 0 -171.128 -42.9544 -171.128 -42.9544 -171.128 -42.9544 0.0 0 
2.705260
 1 55 55 p_town_32 Rath_Celtair 4219942 0 0 3 0 0 0 0 0 -256.74 -4.45719 -256.74 -4.45719 -256.74 -4.45719 0.0 0 
0.000000
 1 56 56 p_town_33 Aileach 4219932 0 0 3 0 0 0 0 0 -203.939 -41.6035 -203.939 -41.6035 -203.939 -41.6035 0.0 0 
0.000000
 1 57 57 p_town_34 Monid_Crobh 4219942 0 0 3 0 0 0 0 0 -302.973 40.8634 -302.973 40.8634 -302.973 40.8634 0.0 0 
4.188790
 1 58 58 p_town_35 Dun_Iasgach 4219942 0 0 3 0 0 0 0 0 -209.743 37.6426 -209.743 37.6426 -209.743 37.6426 0.0 0 
2.967060
 1 59 59 p_town_36 Caiseal 4219942 0 0 3 0 0 0 0 0 -183.717 48.984 -183.717 48.984 -183.717 48.984 0.0 0 
5.061455
 1 60 60 p_town_37 Duin_Foither 4219942 0 0 3 0 0 0 0 0 -266.401 29.0978 -266.401 29.0978 -266.401 29.0978 0.0 0 
0.000000
 1 61 61 p_town_38 Caer_Wenddoleu 4219916 0 0 3 0 0 0 0 0 297.765 -62.8633 297.765 -62.8633 297.765 -62.8633 0.0 0 
1.570796
 1 62 62 p_town_39 Dun_Taruo 4219942 0 0 3 0 0 0 0 0 -321.015 37.8536 -321.015 37.8536 -321.015 37.8536 0.0 0 
1.570796
 1 63 63 p_town_40 Clochair 4219942 0 0 3 0 0 0 0 0 -177.054 15.4254 -177.054 15.4254 -177.054 15.4254 0.0 0 
0.785398
 1 64 64 p_town_41 Cirren_Ceaster 4219918 0 0 3 0 0 0 0 0 290.131 49.3677 290.131 49.3677 290.131 49.3677 0.0 0 
2.967060
 1 65 65 p_town_42 Din_Cado 4219916 0 0 3 0 0 0 0 0 91.7195 -77.5151 91.7195 -77.5151 91.7195 -77.5151 0.0 0 
1.570796
 1 66 66 p_castle_1 Alne_Ceaster 4215835 0 0 3 0 0 0 0 0 35.0995 50.1005 35.0995 50.1005 35.0995 50.1005 0.0 0 
0.872665
 1 67 67 p_castle_2 Ceasterfeld 4215835 0 0 3 0 0 0 0 0 117.078 37.3655 117.078 37.3655 117.078 37.3655 0.0 0 
1.308997
 1 68 68 p_castle_3 Caer_Lloyw 4215835 0 0 3 0 0 0 0 0 268.773 38.3673 268.773 38.3673 268.773 38.3673 0.0 0 
1.745329
 1 69 69 p_castle_4 Cisse_Ceaster 4215847 0 0 3 0 0 0 0 0 176.847 12.2504 176.847 12.2504 176.847 12.2504 0.0 0 
3.141593
 1 70 70 p_castle_5 Loch_Gabar 4215836 0 0 3 0 0 0 0 0 -156.05 -9.46537 -156.05 -9.46537 -156.05 -9.46537 0.0 0 
0.785398
 1 71 71 p_castle_6 Rath_Cormac 4215836 0 0 3 0 0 0 0 0 -115.564 -26.7666 -115.564 -26.7666 -115.564 -26.7666 0.0 0 
1.396263
 1 72 72 p_castle_7 Dinas_Powys 4215847 0 0 3 0 0 0 0 0 128.237 15.368 128.237 15.368 128.237 15.368 0.0 0 
0.785398
 1 73 73 p_castle_8 Theodford 4215835 0 0 3 0 0 0 0 0 -28.9299 95.8373 -28.9299 95.8373 -28.9299 95.8373 0.0 0 
0.523599
 1 74 74 p_castle_9 Ard_Breacain 4215836 0 0 3 0 0 0 0 0 -221.058 -20.1992 -221.058 -20.1992 -221.058 -20.1992 0.0 0 
0.261799
 1 75 75 p_castle_10 Hlew_Ceaster 4215847 0 0 3 0 0 0 0 0 181.852 5.66652 181.852 5.66652 181.852 5.66652 0.0 0 
1.919862
 1 76 76 p_castle_11 Colne_Ceaster 4215835 0 0 3 0 0 0 0 0 229.82 47.0613 229.82 47.0613 229.82 47.0613 0.0 0 
1.308997
 1 77 77 p_castle_12 Hrofaes_Ceaster 4215837 0 0 3 0 0 0 0 0 -270.765 41.2186 -270.765 41.2186 -270.765 41.2186 0.0 0 
1.658063
 1 78 78 p_castle_13 Dinas 4215847 0 0 3 0 0 0 0 0 196.116 -32.057 196.116 -32.057 196.116 -32.057 0.0 0 
2.007129
 1 79 79 p_castle_14 Esterteferd 4215835 0 0 3 0 0 0 0 0 257.458 35.0304 257.458 35.0304 257.458 35.0304 0.0 0 
1.570796
 1 80 80 p_castle_15 Kelliwic 4215847 0 0 3 0 0 0 0 0 278.729 -28.6646 278.729 -28.6646 278.729 -28.6646 0.0 0 
4.101524
 1 81 81 p_castle_16 Din_Tagell 4215847 0 0 3 0 0 0 0 0 262.969 -46.2815 262.969 -46.2815 262.969 -46.2815 0.0 0 
0.785398
 1 82 82 p_castle_17 Caer_Legionis 4215847 0 0 3 0 0 0 0 0 144.006 -65.3919 144.006 -65.3919 144.006 -65.3919 0.0 0 
0.261799
 1 83 83 p_castle_18 Caer_Magnis 4215847 0 0 3 0 0 0 0 0 211.025 -63.4317 211.025 -63.4317 211.025 -63.4317 0.0 0 
5.235988
 1 84 84 p_castle_19 Biedcanford 4215847 0 0 3 0 0 0 0 0 209.44 26.8345 209.44 26.8345 209.44 26.8345 0.0 0 
4.886922
 1 85 85 p_castle_20 Gyldeford 4215837 0 0 3 0 0 0 0 0 -262.815 26.3178 -262.815 26.3178 -262.815 26.3178 0.0 0 
4.537856
 1 86 86 p_castle_21 Cathair_Chomain 4215837 0 0 3 0 0 0 0 0 -200.009 44.8216 -200.009 44.8216 -200.009 44.8216 0.0 0 
1.570796
 1 87 87 p_castle_22 Caer_Daun 4215835 0 0 3 0 0 0 0 0 108.985 62.8742 108.985 62.8742 108.985 62.8742 0.0 0 
4.537856
 1 88 88 p_castle_23 Hyrne_Ceaster 4215835 0 0 3 0 0 0 0 0 -47.1229 -4.17844 -47.1229 -4.17844 -47.1229 -4.17844 0.0 0 
1.396263
 1 89 89 p_castle_24 Ard_Ladhrann 4215837 0 0 3 0 0 0 0 0 -242.936 125.892 -242.936 125.892 -242.936 125.892 0.0 0 
4.188790
 1 90 90 p_castle_25 Din_Arth 4215847 0 0 3 0 0 0 0 0 289.539 10.6802 289.539 10.6802 289.539 10.6802 0.0 0 
4.537856
 1 91 91 p_castle_26 Caer_Legeion_Guar_Usic 4215847 0 0 3 0 0 0 0 0 153.279 26.9787 153.279 26.9787 153.279 26.9787 0.0 0 
4.537856
 1 92 92 p_castle_27 Caer_Caratauc 4215847 0 0 3 0 0 0 0 0 222.836 -71.206 222.836 -71.206 222.836 -71.206 0.0 0 
4.537856
 1 93 93 p_castle_28 Raithliu 4215837 0 0 3 0 0 0 0 0 -212.247 48.3654 -212.247 48.3654 -212.247 48.3654 0.0 0 
1.047198
 1 94 94 p_castle_29 Ath_Cormac 4215837 0 0 3 0 0 0 0 0 -171.464 56.0167 -171.464 56.0167 -171.464 56.0167 0.0 0 
1.047198
 1 95 95 p_castle_30 Caer_Durnac 4215847 0 0 3 0 0 0 0 0 261.208 -10.4857 261.208 -10.4857 261.208 -10.4857 0.0 0 
4.537856
 1 96 96 p_castle_31 Vintan_Ceaster 4215847 0 0 3 0 0 0 0 0 200.523 19.2908 200.523 19.2908 200.523 19.2908 0.0 0 
4.537856
 1 97 97 p_castle_32 Boweseia 4215835 0 0 3 0 0 0 0 0 -107.246 102.923 -107.246 102.923 -107.246 102.923 0.0 0 
4.537856
 1 98 98 p_castle_33 Ligor_Ceaster 4215835 0 0 3 0 0 0 0 0 65.2629 64.4085 65.2629 64.4085 65.2629 64.4085 0.0 0 
1.396263
 1 99 99 p_castle_34 Dinas_Bran 4215847 0 0 3 0 0 0 0 0 224.742 -114.158 224.742 -114.158 224.742 -114.158 0.0 0 
4.537856
 1 100 100 p_castle_35 Dinas_Emrys 4215847 0 0 3 0 0 0 0 0 276.553 22.9719 276.553 22.9719 276.553 22.9719 0.0 0 
4.537856
 1 101 101 p_castle_36 Caer_Guricon 4215847 0 0 3 0 0 0 0 0 194.62 -45.6037 194.62 -45.6037 194.62 -45.6037 0.0 0 
4.537856
 1 102 102 p_castle_37 Caer_Baddan 4215835 0 0 3 0 0 0 0 0 302.041 56.0648 302.041 56.0648 302.041 56.0648 0.0 0 
4.537856
 1 103 103 p_castle_38 Din_Cogan 4215847 0 0 3 0 0 0 0 0 197.55 -11.3676 197.55 -11.3676 197.55 -11.3676 0.0 0 
4.537856
 1 104 104 p_castle_39 Cippanhamme 4215847 0 0 3 0 0 0 0 0 215.715 -3.96198 215.715 -3.96198 215.715 -3.96198 0.0 0 
4.886922
 1 105 105 p_castle_40 Norwic 4215835 0 0 3 0 0 0 0 0 -78.6062 97.0486 -78.6062 97.0486 -78.6062 97.0486 0.0 0 
4.537856
 1 106 106 p_castle_41 Ath_an_Tearmainn 4215837 0 0 3 0 0 0 0 0 -187.456 71.6225 -187.456 71.6225 -187.456 71.6225 0.0 0 
1.570796
 1 107 107 p_castle_42 Caer_Manaw 4215820 0 0 3 0 0 0 0 0 234.123 -94.1215 234.123 -94.1215 234.123 -94.1215 0.0 0 
2.094395
 1 108 108 p_castle_43 Caer_Pentaloch 4215847 0 0 3 0 0 0 0 0 273.778 -70.1193 273.778 -70.1193 273.778 -70.1193 0.0 0 
4.537856
 1 109 109 p_castle_44 Iudeu 4215847 0 0 3 0 0 0 0 0 198.505 -109.925 198.505 -109.925 198.505 -109.925 0.0 0 
4.537856
 1 110 110 p_castle_45 Dun_Chuile 4215837 0 0 3 0 0 0 0 0 -151.44 43.0706 -151.44 43.0706 -151.44 43.0706 0.0 0 
1.396263
 1 111 111 p_castle_46 Din_Drust 4215847 0 0 3 0 0 0 0 0 185.09 -56.4095 185.09 -56.4095 185.09 -56.4095 0.0 0 
4.537856
 1 112 112 p_castle_47 Dun_na_mBarc 4215837 0 0 3 0 0 0 0 0 -194.333 66.9843 -194.333 66.9843 -194.333 66.9843 0.0 0 
4.188790
 1 113 113 p_castle_48 Din_Rheged 4215847 0 0 3 0 0 0 0 0 175.083 -41.9156 175.083 -41.9156 175.083 -41.9156 0.0 0 
4.537856
 1 114 114 p_castle_49 Caer_Sws 4215847 0 0 3 0 0 0 0 0 232.704 -108.863 232.704 -108.863 232.704 -108.863 0.0 0 
4.537856
 1 115 115 p_castle_50 Duin_Ollaigh 4215837 0 0 3 0 0 0 0 0 -221.876 62.5923 -221.876 62.5923 -221.876 62.5923 0.0 0 
4.537856
 1 116 116 p_castle_51 Crumbford 4215835 0 0 3 0 0 0 0 0 70.4785 37.0065 70.4785 37.0065 70.4785 37.0065 0.0 0 
4.886922
 1 117 117 p_castle_52 Chinesburie 4215835 0 0 3 0 0 0 0 0 92.0245 30.6207 92.0245 30.6207 92.0245 30.6207 0.0 0 
4.537856
 1 118 118 p_castle_53 Denisesburna 4215835 0 0 3 0 0 0 0 0 119.217 48.5101 119.217 48.5101 119.217 48.5101 0.0 0 
0.785398
 1 119 119 p_castle_54 Caer_Aeron 4215847 0 0 3 0 0 0 0 0 284.28 -52.1808 284.28 -52.1808 284.28 -52.1808 0.0 0 
1.570796
 1 120 120 p_castle_55 Dun_Devenel 4215847 0 0 3 0 0 0 0 0 283.222 -80.6358 283.222 -80.6358 283.222 -80.6358 0.0 0 
0.785398
 1 121 121 p_castle_56 Caer_Caradawg 4215847 0 0 3 0 0 0 0 0 281.691 -64.397 281.691 -64.397 281.691 -64.397 0.0 0 
1.570796
 1 122 122 p_castle_57 Middelsburh 4215835 0 0 3 0 0 0 0 0 177.297 54.5275 177.297 54.5275 177.297 54.5275 0.0 0 
0.785398
 1 123 123 p_castle_58 Ath_Mor 4215837 0 0 3 0 0 0 0 0 -81.75 -3.65 -81.75 -3.65 -81.75 -3.65 0.0 0 
1.570796
 1 124 124 p_castle_59 Ath_Berchna 4215837 0 0 3 0 0 0 0 0 -166.712 65.4673 -166.712 65.4673 -166.712 65.4673 0.0 0 
0.261799
 1 125 125 p_castle_60 Rath_Clochair 4215837 0 0 3 0 0 0 0 0 -119.624 65.6859 -119.624 65.6859 -119.624 65.6859 0.0 0 
4.537856
 1 126 126 p_castle_61 Din_Baer 4215847 0 0 3 0 0 0 0 0 207.604 -101.917 207.604 -101.917 207.604 -101.917 0.0 0 
4.537856
 1 127 127 p_castle_62 Duin_Baitte 4215837 0 0 3 0 0 0 0 0 -275.737 37.9744 -275.737 37.9744 -275.737 37.9744 0.0 0 
4.886922
 1 128 128 p_castle_63 Duin_Bolg 4215838 0 0 3 0 0 0 0 0 -281.468 52.4634 -281.468 52.4634 -281.468 52.4634 0.0 0 
1.396263
 1 129 129 p_castle_64 Dun_Duirn 4215838 0 0 3 0 0 0 0 0 -290 44.1477 -290 44.1477 -290 44.1477 0.0 0 
4.537856
 1 130 130 p_castle_65 Ad_Gefrin 4215835 0 0 3 0 0 0 0 0 119.559 66.1846 119.559 66.1846 119.559 66.1846 0.0 0 
4.537856
 1 131 131 p_castle_66 Duin_Caillen 4215838 0 0 3 0 0 0 0 0 -301.078 42.9121 -301.078 42.9121 -301.078 42.9121 0.0 0 
0.785398
 1 132 132 p_castle_67 Ard_Eachadha 4215836 0 0 3 0 0 0 0 0 -285.55 -11.4145 -285.55 -11.4145 -285.55 -11.4145 0.0 0 
0.785398
 1 133 133 p_castle_68 Dun_Aberte 4215837 0 0 3 0 0 0 0 0 -203.733 72.0754 -203.733 72.0754 -203.733 72.0754 0.0 0 
0.785398
 1 134 134 p_castle_69 Aidhne 4215837 0 0 3 0 0 0 0 0 -194.115 79.7472 -194.115 79.7472 -194.115 79.7472 0.0 0 
1.570796
 1 135 135 p_castle_70 Dun_Buicead 4215837 0 0 3 0 0 0 0 0 -151.252 130.608 -151.252 130.608 -151.252 130.608 0.0 0 
1.570796
 1 136 136 p_castle_71 Dun_Nechtain 4215838 0 0 3 0 0 0 0 0 -325.846 27.9528 -325.846 27.9528 -325.846 27.9528 0.0 0 
1.570796
 1 137 137 p_castle_72 Dun_Sebuirge 4215837 0 0 3 0 0 0 0 0 -219.349 70.5006 -219.349 70.5006 -219.349 70.5006 0.0 0 
0.785398
 1 138 138 p_castle_73 Din_Hua_nAmalgada 4215837 0 0 3 0 0 0 0 0 -173.446 100.802 -173.446 100.802 -173.446 100.802 0.0 0 
1.396263
 1 139 139 p_castle_74 Magh_Rath 4215836 0 0 3 0 0 0 0 0 -238.844 -12.8642 -238.844 -12.8642 -238.844 -12.8642 0.0 0 
1.396263
 1 140 140 p_castle_75 Ath_na_Foraire 4215837 0 0 3 0 0 0 0 0 -88.523 27.6064 -88.523 27.6064 -88.523 27.6064 0.0 0 
1.396263
 1 141 141 p_village_1 Taddanleage 2114597 0 0 3 0 0 0 0 0 212.014 8.25897 212.014 8.25897 212.014 8.25897 0.0 0 
1.745329
 1 142 142 p_village_2 Wlencing 2114597 0 0 3 0 0 0 0 0 176.894 28.6505 176.894 28.6505 176.894 28.6505 0.0 0 
1.919862
 1 143 143 p_village_3 Wellatun 2114597 0 0 3 0 0 0 0 0 -67.947 -19.2232 -67.947 -19.2232 -67.947 -19.2232 0.0 0 
2.094395
 1 144 144 p_village_4 Portesmuda 2114597 0 0 3 0 0 0 0 0 199.221 10.1796 199.221 10.1796 199.221 10.1796 0.0 0 
2.268928
 1 145 145 p_village_5 Cetgueli 2114597 0 0 3 0 0 0 0 0 170.91 -0.972646 170.91 -0.972646 170.91 -0.972646 0.0 0 
2.967060
 1 146 146 p_village_6 Llan_Heledd 2114597 0 0 3 0 0 0 0 0 197.101 -53.4406 197.101 -53.4406 197.101 -53.4406 0.0 0 
1.745329
 1 147 147 p_village_7 Ynys_Metcaut 2114597 0 0 3 0 0 0 0 0 135.896 64.5149 135.896 64.5149 135.896 64.5149 0.0 0 
1.919862
 1 148 148 p_village_8 Herr_Hlaw 2114597 0 0 3 0 0 0 0 0 239.908 33.0484 239.908 33.0484 239.908 33.0484 0.0 0 
2.094395
 1 149 149 p_village_9 Gwinear 2114597 0 0 3 0 0 0 0 0 272.269 -16.2818 272.269 -16.2818 272.269 -16.2818 0.0 0 
2.268928
 1 150 150 p_village_10 Gislheresuuyrth 2114597 0 0 3 0 0 0 0 0 219.391 54.1994 219.391 54.1994 219.391 54.1994 0.0 0 
2.967060
 1 151 151 p_village_11 Isura 2114597 0 0 3 0 0 0 0 0 172.583 -61.104 172.583 -61.104 172.583 -61.104 0.0 0 
0.785398
 1 152 152 p_village_12 Swanawic 2114597 0 0 3 0 0 0 0 0 234.545 -12.0977 234.545 -12.0977 234.545 -12.0977 0.0 0 
1.919862
 1 153 153 p_village_13 Aber_Lleu 2114597 0 0 3 0 0 0 0 0 141.774 65.2891 141.774 65.2891 141.774 65.2891 0.0 0 
2.094395
 1 154 154 p_village_14 Bucgan_Ora 2114597 0 0 3 0 0 0 0 0 165.901 41.3803 165.901 41.3803 165.901 41.3803 0.0 0 
2.268928
 1 155 155 p_village_15 Ad_Candidam_Casam 2114597 0 0 3 0 0 0 0 0 156.678 -61.2423 156.678 -61.2423 156.678 -61.2423 0.0 0 
1.570796
 1 156 156 p_village_16 Weargebuman 2114597 0 0 3 0 0 0 0 0 232.453 4.3468 232.453 4.3468 232.453 4.3468 0.0 0 
2.967060
 1 157 157 p_village_17 Brememium 2114597 0 0 3 0 0 0 0 0 130.646 64.6167 130.646 64.6167 130.646 64.6167 0.0 0 
0.610865
 1 158 158 p_village_18 Mag_Uillin 2114597 0 0 3 0 0 0 0 0 -184.798 74.1538 -184.798 74.1538 -184.798 74.1538 0.0 0 
3.141593
 1 159 159 p_village_19 Westarham 2114597 0 0 3 0 0 0 0 0 -255.154 15.1795 -255.154 15.1795 -255.154 15.1795 0.0 0 
2.967060
 1 160 160 p_village_20 Ricestun 2114597 0 0 3 0 0 0 0 0 -16.0047 3.96999 -16.0047 3.96999 -16.0047 3.96999 0.0 0 
2.967060
 1 161 161 p_village_21 Snetesham 2114597 0 0 3 0 0 0 0 0 -72.2111 83.9957 -72.2111 83.9957 -72.2111 83.9957 0.0 0 
1.745329
 1 162 162 p_village_22 Eglesfeld 2114597 0 0 3 0 0 0 0 0 125.532 60.7986 125.532 60.7986 125.532 60.7986 0.0 0 
1.919862
 1 163 163 p_village_23 Bos_Menegh 2114597 0 0 3 0 0 0 0 0 253.794 -19.2236 253.794 -19.2236 253.794 -19.2236 0.0 0 
2.094395
 1 164 164 p_village_24 Wodetun 2114597 0 0 3 0 0 0 0 0 232.421 16.7768 232.421 16.7768 232.421 16.7768 0.0 0 
2.268928
 1 165 165 p_village_25 Maes_Cogwy 2114597 0 0 3 0 0 0 0 0 178.061 -80.5103 178.061 -80.5103 178.061 -80.5103 0.0 0 
2.967060
 1 166 166 p_village_26 Tref_Ilic 2114597 0 0 3 0 0 0 0 0 245.725 -6.34745 245.725 -6.34745 245.725 -6.34745 0.0 0 
2.967060
 1 167 167 p_village_27 Maesmor 2114597 0 0 3 0 0 0 0 0 296.193 39.4356 296.193 39.4356 296.193 39.4356 0.0 0 
2.967060
 1 168 168 p_village_28 Waldham 2114597 0 0 3 0 0 0 0 0 36.3172 7.26817 36.3172 7.26817 36.3172 7.26817 0.0 0 
2.967060
 1 169 169 p_village_29 Cantmael 2114597 0 0 3 0 0 0 0 0 73.5291 -61.9154 73.5291 -61.9154 73.5291 -61.9154 0.0 0 
2.967060
 1 170 170 p_village_30 Eclesia_hyll 2114597 0 0 3 0 0 0 0 0 166.027 -94.8337 166.027 -94.8337 166.027 -94.8337 0.0 0 
2.967060
 1 171 171 p_village_31 Cetham 2114597 0 0 3 0 0 0 0 0 -275.879 36.2188 -275.879 36.2188 -275.879 36.2188 0.0 0 
1.745329
 1 172 172 p_village_32 Ynys_Mon 2114597 0 0 3 0 0 0 0 0 299.24 14.8087 299.24 14.8087 299.24 14.8087 0.0 0 
1.919862
 1 173 173 p_village_33 Glouvia 2114597 0 0 3 0 0 0 0 0 280.963 41.7954 280.963 41.7954 280.963 41.7954 0.0 0 
2.094395
 1 174 174 p_village_34 Badun 2114597 0 0 3 0 0 0 0 0 299.974 48.7192 299.974 48.7192 299.974 48.7192 0.0 0 
2.268928
 1 175 175 p_village_35 Dommoc 2114597 0 0 3 0 0 0 0 0 -93.603 109.201 -93.603 109.201 -93.603 109.201 0.0 0 
2.967060
 1 176 176 p_village_36 Scythles 2114597 0 0 3 0 0 0 0 0 133.44 80.6983 133.44 80.6983 133.44 80.6983 0.0 0 
1.396263
 1 177 177 p_village_37 Pairc_Mor 2114597 0 0 3 0 0 0 0 0 -174.288 90.787 -174.288 90.787 -174.288 90.787 0.0 0 
1.570796
 1 178 178 p_village_38 Berewic 2114597 0 0 3 0 0 0 0 0 214.909 -18.1793 214.909 -18.1793 214.909 -18.1793 0.0 0 
2.967060
 1 179 179 p_village_39 Buais 2114597 0 0 3 0 0 0 0 0 -262.269 9.50555 -262.269 9.50555 -262.269 9.50555 0.0 0 
0.785398
 1 180 180 p_village_40 Carwynnen 2114597 0 0 3 0 0 0 0 0 268.997 -35.0812 268.997 -35.0812 268.997 -35.0812 0.0 0 
2.967060
 1 181 181 p_village_41 Tatessete 2114597 0 0 3 0 0 0 0 0 -53.1805 98.5073 -53.1805 98.5073 -53.1805 98.5073 0.0 0 
1.745329
 1 182 182 p_village_42 Niwantun 2114597 0 0 3 0 0 0 0 0 90.9394 53.0202 90.9394 53.0202 90.9394 53.0202 0.0 0 
1.919862
 1 183 183 p_village_43 Cantaleah 2114597 0 0 3 0 0 0 0 0 -94.2211 88.4792 -94.2211 88.4792 -94.2211 88.4792 0.0 0 
2.094395
 1 184 184 p_village_44 Costessey 2114597 0 0 3 0 0 0 0 0 -47.2472 85.0842 -47.2472 85.0842 -47.2472 85.0842 0.0 0 
2.268928
 1 185 185 p_village_45 Abercrdf 2114597 0 0 3 0 0 0 0 0 307.322 12.8392 307.322 12.8392 307.322 12.8392 0.0 0 
2.967060
 1 186 186 p_village_46 Wicstun 2114597 0 0 3 0 0 0 0 0 155.826 70.1219 155.826 70.1219 155.826 70.1219 0.0 0 
4.537856
 1 187 187 p_village_47 Inderawuda 2114597 0 0 3 0 0 0 0 0 115.672 70.3753 115.672 70.3753 115.672 70.3753 0.0 0 
1.570796
 1 188 188 p_village_48 Poclintun 2114597 0 0 3 0 0 0 0 0 139.138 68.8763 139.138 68.8763 139.138 68.8763 0.0 0 
3.141593
 1 189 189 p_village_49 Leodridan 2114597 0 0 3 0 0 0 0 0 239.512 42.3074 239.512 42.3074 239.512 42.3074 0.0 0 
0.174533
 1 190 190 p_village_50 Leim_an_Eich 2114597 0 0 3 0 0 0 0 0 -162.874 -27.9375 -162.874 -27.9375 -162.874 -27.9375 0.0 0 
4.188790
 1 191 191 p_village_51 Eldretune 2114597 0 0 3 0 0 0 0 0 167.964 8.66348 167.964 8.66348 167.964 8.66348 0.0 0 
1.745329
 1 192 192 p_village_52 Hysetun 2114597 0 0 3 0 0 0 0 0 -42.0744 105.111 -42.0744 105.111 -42.0744 105.111 0.0 0 
1.919862
 1 193 193 p_village_53 Elmwella 2114597 0 0 3 0 0 0 0 0 -40.2899 80.5524 -40.2899 80.5524 -40.2899 80.5524 0.0 0 
2.094395
 1 194 194 p_village_54 Hreopedun 2114597 0 0 3 0 0 0 0 0 -13.5459 62.8407 -13.5459 62.8407 -13.5459 62.8407 0.0 0 
2.268928
 1 195 195 p_village_55 Banesbyrig 2114597 0 0 3 0 0 0 0 0 22.4057 49.3798 22.4057 49.3798 22.4057 49.3798 0.0 0 
2.967060
 1 196 196 p_village_56 Clacc_Inga_Tun 2114597 0 0 3 0 0 0 0 0 251.153 40.1865 251.153 40.1865 251.153 40.1865 0.0 0 
2.967060
 1 197 197 p_village_57 Bartun 2114597 0 0 3 0 0 0 0 0 125.992 69.2971 125.992 69.2971 125.992 69.2971 0.0 0 
1.570796
 1 198 198 p_village_58 Benchoer_Moer 2114597 0 0 3 0 0 0 0 0 286.898 18.4391 286.898 18.4391 286.898 18.4391 0.0 0 
2.967060
 1 199 199 p_village_59 Cructan 2114597 0 0 3 0 0 0 0 0 113.261 -57.3768 113.261 -57.3768 113.261 -57.3768 0.0 0 
2.967060
 1 200 200 p_village_60 Dinypas 2114597 0 0 3 0 0 0 0 0 204.167 -91.4811 204.167 -91.4811 204.167 -91.4811 0.0 0 
2.967060
 1 201 201 p_village_61 Cluana 2114597 0 0 3 0 0 0 0 0 -291.099 48.3306 -291.099 48.3306 -291.099 48.3306 0.0 0 
1.570796
 1 202 202 p_village_62 Luith_Feirn 2114597 0 0 3 0 0 0 0 0 -276.113 44.7196 -276.113 44.7196 -276.113 44.7196 0.0 0 
1.396263
 1 203 203 p_village_63 Dofras 2114597 0 0 3 0 0 0 0 0 -272.269 35.8645 -272.269 35.8645 -272.269 35.8645 0.0 0 
1.745329
 1 204 204 p_village_64 Lan_Withennoc 2114597 0 0 3 0 0 0 0 0 262.051 -26.7414 262.051 -26.7414 262.051 -26.7414 0.0 0 
1.745329
 1 205 205 p_village_65 Caeginesham 2114597 0 0 3 0 0 0 0 0 294.481 55.4514 294.481 55.4514 294.481 55.4514 0.0 0 
1.745329
 1 206 206 p_village_66 Llan_Forfael 2114597 0 0 3 0 0 0 0 0 170.143 -72.8984 170.143 -72.8984 170.143 -72.8984 0.0 0 
1.745329
 1 207 207 p_village_67 Catraeth 2114597 0 0 3 0 0 0 0 0 118.182 42.4708 118.182 42.4708 118.182 42.4708 0.0 0 
1.745329
 1 208 208 p_village_68 Mai_Dun 2114597 0 0 3 0 0 0 0 0 243.342 -41.5401 243.342 -41.5401 243.342 -41.5401 0.0 0 
1.745329
 1 209 209 p_village_69 Creic 2114597 0 0 3 0 0 0 0 0 -242.159 61.9057 -242.159 61.9057 -242.159 61.9057 0.0 0 
0.785398
 1 210 210 p_village_70 Banhedos 2114597 0 0 3 0 0 0 0 0 240.35 -67.0963 240.35 -67.0963 240.35 -67.0963 0.0 0 
1.745329
 1 211 211 p_village_71 Aporcrosan 2114597 0 0 3 0 0 0 0 0 -320.938 21.6041 -320.938 21.6041 -320.938 21.6041 0.0 0 
4.188790
 1 212 212 p_village_72 Lann_Abae 2114597 0 0 3 0 0 0 0 0 -324.31 10.7794 -324.31 10.7794 -324.31 10.7794 0.0 0 
4.537856
 1 213 213 p_village_73 Ynas_Towy 2114597 0 0 3 0 0 0 0 0 165.218 -18.7356 165.218 -18.7356 165.218 -18.7356 0.0 0 
0.959931
 1 214 214 p_village_74 Cymensoraham 2114597 0 0 3 0 0 0 0 0 189.978 2.36622 189.978 2.36622 189.978 2.36622 0.0 0 
0.261799
 1 215 215 p_village_75 Tappingtun 2114597 0 0 3 0 0 0 0 0 219.431 -14.0869 219.431 -14.0869 219.431 -14.0869 0.0 0 
0.174533
 1 216 216 p_village_76 Taceham 2114597 0 0 3 0 0 0 0 0 206.129 7.3175 206.129 7.3175 206.129 7.3175 0.0 0 
0.610865
 1 217 217 p_village_77 Halhfeax 2114597 0 0 3 0 0 0 0 0 98.0235 105.55 98.0235 105.55 98.0235 105.55 0.0 0 
2.792527
 1 218 218 p_village_78 Gwythel_Yel 2114597 0 0 3 0 0 0 0 0 241.208 -47.0767 241.208 -47.0767 241.208 -47.0767 0.0 0 
3.141593
 1 219 219 p_village_79 Moel_Fryn 2114597 0 0 3 0 0 0 0 0 289.401 42.0737 289.401 42.0737 289.401 42.0737 0.0 0 
0.000000
 1 220 220 p_village_80 Aewiue 2114597 0 0 3 0 0 0 0 0 -264.556 49.5704 -264.556 49.5704 -264.556 49.5704 0.0 0 
0.698132
 1 221 221 p_village_81 Ciorrincg 2114597 0 0 3 0 0 0 0 0 -272.299 26.4713 -272.299 26.4713 -272.299 26.4713 0.0 0 
0.349066
 1 222 222 p_village_82 Drum_Ceatt 2114597 0 0 3 0 0 0 0 0 -244.24 68.9247 -244.24 68.9247 -244.24 68.9247 0.0 0 
1.570796
 1 223 223 p_village_83 Ynys_Manaw 2114597 0 0 3 0 0 0 0 0 232.243 -82.2331 232.243 -82.2331 232.243 -82.2331 0.0 0 
0.959931
 1 224 224 p_village_84 Du_Glas 2114597 0 0 3 0 0 0 0 0 267.029 -53.3556 267.029 -53.3556 267.029 -53.3556 0.0 0 
3.141593
 1 225 225 p_village_85 Cyddaingastun 2114597 0 0 3 0 0 0 0 0 -65.6755 122.521 -65.6755 122.521 -65.6755 122.521 0.0 0 
0.174533
 1 226 226 p_village_86 Gippeswic 2114597 0 0 3 0 0 0 0 0 -59.3104 139.308 -59.3104 139.308 -59.3104 139.308 0.0 0 
0.610865
 1 227 227 p_village_87 Creodahanhyll 2114597 0 0 3 0 0 0 0 0 214.658 26.848 214.658 26.848 214.658 26.848 0.0 0 
2.792527
 1 228 228 p_village_88 Merceham 2114597 0 0 3 0 0 0 0 0 207.528 12.5001 207.528 12.5001 207.528 12.5001 0.0 0 
3.141593
 1 229 229 p_village_89 Aemethyll 2114597 0 0 3 0 0 0 0 0 228.695 -19.2206 228.695 -19.2206 228.695 -19.2206 0.0 0 
0.000000
 1 230 230 p_village_90 Earnningtun 2114597 0 0 3 0 0 0 0 0 -61.0192 111.508 -61.0192 111.508 -61.0192 111.508 0.0 0 
0.698132
 1 231 231 p_village_91 Alrwic 2114597 0 0 3 0 0 0 0 0 20.7744 61.6256 20.7744 61.6256 20.7744 61.6256 0.0 0 
0.349066
 1 232 232 p_village_92 Caislen_Credi 2114597 0 0 3 0 0 0 0 0 -295.318 40.2495 -295.318 40.2495 -295.318 40.2495 0.0 0 
0.785398
 1 233 233 p_village_93 Hamtun 2114597 0 0 3 0 0 0 0 0 70.9481 61.5234 70.9481 61.5234 70.9481 61.5234 0.0 0 
0.959931
 1 234 234 p_village_94 Fearr_Leah 2114597 0 0 3 0 0 0 0 0 123.065 27.3634 123.065 27.3634 123.065 27.3634 0.0 0 
0.261799
 1 235 235 p_village_95 Beormaingasham 2114597 0 0 3 0 0 0 0 0 0.726436 81.2828 0.726436 81.2828 0.726436 81.2828 0.0 0 
0.174533
 1 236 236 p_village_96 Bertha 2114597 0 0 3 0 0 0 0 0 -314.103 31.3016 -314.103 31.3016 -314.103 31.3016 0.0 0 
1.570796
 1 237 237 p_village_97 Rae_Ban 2114597 0 0 3 0 0 0 0 0 -128.451 -48.8036 -128.451 -48.8036 -128.451 -48.8036 0.0 0 
1.570796
 1 238 238 p_village_98 Hyncaleah 2114597 0 0 3 0 0 0 0 0 9.62393 87.4329 9.62393 87.4329 9.62393 87.4329 0.0 0 
3.141593
 1 239 239 p_village_99 Denetun 2114597 0 0 3 0 0 0 0 0 -30.9045 -23.3307 -30.9045 -23.3307 -30.9045 -23.3307 0.0 0 
0.000000
 1 240 240 p_village_100 Winteringasham 2114597 0 0 3 0 0 0 0 0 8.95461 -27.1208 8.95461 -27.1208 8.95461 -27.1208 0.0 0 
0.349066
 1 241 241 p_village_101 Faffand 2114597 0 0 3 0 0 0 0 0 -220.927 43.0563 -220.927 43.0563 -220.927 43.0563 0.0 0 
1.396263
 1 242 242 p_village_102 Lyme 2114597 0 0 3 0 0 0 0 0 142.26 -82.1397 142.26 -82.1397 142.26 -82.1397 0.0 0 
0.959931
 1 243 243 p_village_103 Hanstige 2114597 0 0 3 0 0 0 0 0 89.2866 42.1607 89.2866 42.1607 89.2866 42.1607 0.0 0 
0.261799
 1 244 244 p_village_104 Cinlipiuc 2114597 0 0 3 0 0 0 0 0 242.474 -106.098 242.474 -106.098 242.474 -106.098 0.0 0 
0.174533
 1 245 245 p_village_105 Ced 2114597 0 0 3 0 0 0 0 0 160.452 -54.6402 160.452 -54.6402 160.452 -54.6402 0.0 0 
0.610865
 1 246 246 p_village_106 Llan_y_Hadein 2114597 0 0 3 0 0 0 0 0 198.457 -23.7396 198.457 -23.7396 198.457 -23.7396 0.0 0 
2.792527
 1 247 247 p_village_107 Dumanyn 2114597 0 0 3 0 0 0 0 0 216.161 -95.1989 216.161 -95.1989 216.161 -95.1989 0.0 0 
3.141593
 1 248 248 p_village_108 Ardudwy 2114597 0 0 3 0 0 0 0 0 293.62 25.147 293.62 25.147 293.62 25.147 0.0 0 
0.000000
 1 249 249 p_village_109 Grafrenn 2114597 0 0 3 0 0 0 0 0 -201.496 -9.75575 -201.496 -9.75575 -201.496 -9.75575 0.0 0 
0.785398
 1 250 250 p_village_110 Elfed 2114597 0 0 3 0 0 0 0 0 209.602 -20.1482 209.602 -20.1482 209.602 -20.1482 0.0 0 
0.349066
 1 251 251 p_village_111 Merthyr_Tydfil 2114597 0 0 3 0 0 0 0 0 152.952 14.5214 152.952 14.5214 152.952 14.5214 0.0 0 
1.047198
 1 252 252 p_village_112 Eglwys_Tysilio 2114597 0 0 3 0 0 0 0 0 234.177 -107.325 234.177 -107.325 234.177 -107.325 0.0 0 
0.959931
 1 253 253 p_village_113 Abermynwy 2114597 0 0 3 0 0 0 0 0 141.431 31.5589 141.431 31.5589 141.431 31.5589 0.0 0 
0.261799
 1 254 254 p_village_114 Grwst 2114597 0 0 3 0 0 0 0 0 295.864 33.2732 295.864 33.2732 295.864 33.2732 0.0 0 
0.174533
 1 255 255 p_village_115 Halh 2114597 0 0 3 0 0 0 0 0 166.518 59.5387 166.518 59.5387 166.518 59.5387 0.0 0 
0.610865
 1 256 256 p_village_116 Hefenfelth 2114597 0 0 3 0 0 0 0 0 158.966 60.8862 158.966 60.8862 158.966 60.8862 0.0 0 
2.792527
 1 257 257 p_village_117 Campodunum 2114597 0 0 3 0 0 0 0 0 101.182 94.1069 101.182 94.1069 101.182 94.1069 0.0 0 
3.141593
 1 258 258 p_village_118 Llyn 2114597 0 0 3 0 0 0 0 0 295.378 8.74802 295.378 8.74802 295.378 8.74802 0.0 0 
0.000000
 1 259 259 p_village_119 Erging 2114597 0 0 3 0 0 0 0 0 128.179 32.873 128.179 32.873 128.179 32.873 0.0 0 
0.698132
 1 260 260 p_village_120 Egleshalh 2114597 0 0 3 0 0 0 0 0 254.17 -52.8476 254.17 -52.8476 254.17 -52.8476 0.0 0 
0.349066
 1 261 261 p_village_121 Amwythig 2114597 0 0 3 0 0 0 0 0 237.178 -48.7217 237.178 -48.7217 237.178 -48.7217 0.0 0 
1.047198
 1 262 262 p_village_122 Beolatun 2114597 0 0 3 0 0 0 0 0 80.5866 33.8249 80.5866 33.8249 80.5866 33.8249 0.0 0 
0.959931
 1 263 263 p_village_123 Llan 2114597 0 0 3 0 0 0 0 0 270.571 9.53781 270.571 9.53781 270.571 9.53781 0.0 0 
0.261799
 1 264 264 p_village_124 Weorthingtun 2114597 0 0 3 0 0 0 0 0 120.513 30.7498 120.513 30.7498 120.513 30.7498 0.0 0 
0.174533
 1 265 265 p_village_125 Llanidloes 2114597 0 0 3 0 0 0 0 0 220.9 -106.191 220.9 -106.191 220.9 -106.191 0.0 0 
0.610865
 1 266 266 p_village_126 Aberystwyth 2114597 0 0 3 0 0 0 0 0 280.391 6.77487 280.391 6.77487 280.391 6.77487 0.0 0 
2.792527
 1 267 267 p_village_127 Clac_Manau 2114597 0 0 3 0 0 0 0 0 201.794 -97.1215 201.794 -97.1215 201.794 -97.1215 0.0 0 
3.141593
 1 268 268 p_village_128 Merthyr_Cynog 2114597 0 0 3 0 0 0 0 0 302.088 7.03534 302.088 7.03534 302.088 7.03534 0.0 0 
0.000000
 1 269 269 p_village_129 Oratun 2114597 0 0 3 0 0 0 0 0 109.461 13.5308 109.461 13.5308 109.461 13.5308 0.0 0 
0.349066
 1 270 270 p_village_130 Cill_Chleite 2114597 0 0 3 0 0 0 0 0 -250.324 -7.86184 -250.324 -7.86184 -250.324 -7.86184 0.0 0 
1.047198
 1 271 271 p_village_131 Cill_Alaid 2114597 0 0 3 0 0 0 0 0 -199.464 91.1581 -199.464 91.1581 -199.464 91.1581 0.0 0 
4.537856
 1 272 272 p_village_132 Eifionydd 2114597 0 0 3 0 0 0 0 0 286.344 1.8493 286.344 1.8493 286.344 1.8493 0.0 0 
0.261799
 1 273 273 p_village_133 Sliab_Culinn 2114597 0 0 3 0 0 0 0 0 -83.5858 50.0512 -83.5858 50.0512 -83.5858 50.0512 0.0 0 
1.570796
 1 274 274 p_village_134 Mag_Mucceda 2114597 0 0 3 0 0 0 0 0 -144.606 22.5937 -144.606 22.5937 -144.606 22.5937 0.0 0 
3.141593
 1 275 275 p_village_135 Cogwy 2114597 0 0 3 0 0 0 0 0 229.812 -36.9269 229.812 -36.9269 229.812 -36.9269 0.0 0 
2.792527
 1 276 276 p_village_136 Pen_Rhionydd 2114597 0 0 3 0 0 0 0 0 155.814 -44.5304 155.814 -44.5304 155.814 -44.5304 0.0 0 
3.141593
 1 277 277 p_village_137 Camus 2114597 0 0 3 0 0 0 0 0 -210.925 87.3896 -210.925 87.3896 -210.925 87.3896 0.0 0 
3.141593
 1 278 278 p_village_138 Arderydd 2114597 0 0 3 0 0 0 0 0 269.055 -61.1228 269.055 -61.1228 269.055 -61.1228 0.0 0 
0.698132
 1 279 279 p_village_139 Mynyw 2114597 0 0 3 0 0 0 0 0 189.549 -39.892 189.549 -39.892 189.549 -39.892 0.0 0 
0.349066
 1 280 280 p_village_140 Llan_Docgwinn 2114597 0 0 3 0 0 0 0 0 160.177 -8.33108 160.177 -8.33108 160.177 -8.33108 0.0 0 
1.047198
 1 281 281 p_village_141 Llangollen 2114597 0 0 3 0 0 0 0 0 217.333 -113.187 217.333 -113.187 217.333 -113.187 0.0 0 
0.959931
 1 282 282 p_village_142 Opergelei 2114597 0 0 3 0 0 0 0 0 228.731 -111.594 228.731 -111.594 228.731 -111.594 0.0 0 
0.261799
 1 283 283 p_village_143 Pillgwynllwg 2114597 0 0 3 0 0 0 0 0 162.883 3.01894 162.883 3.01894 162.883 3.01894 0.0 0 
0.174533
 1 284 284 p_village_144 Rhaeadr_Gwy 2114597 0 0 3 0 0 0 0 0 263.023 6.45532 263.023 6.45532 263.023 6.45532 0.0 0 
0.610865
 1 285 285 p_village_145 Cuil_Conaire 2114597 0 0 3 0 0 0 0 0 -158.921 54.073 -158.921 54.073 -158.921 54.073 0.0 0 
1.570796
 1 286 286 p_village_146 Pencaer 2114597 0 0 3 0 0 0 0 0 174.636 -36.1646 174.636 -36.1646 174.636 -36.1646 0.0 0 
3.141593
 1 287 287 p_village_147 Mag_Tuired 2114597 0 0 3 0 0 0 0 0 -151.877 55.1196 -151.877 55.1196 -151.877 55.1196 0.0 0 
0.785398
 1 288 288 p_village_148 Buireann 2114597 0 0 3 0 0 0 0 0 -141.476 -65.1784 -141.476 -65.1784 -141.476 -65.1784 0.0 0 
4.188790
 1 289 289 p_village_149 Genouhalh 2114597 0 0 3 0 0 0 0 0 212.768 -37.1799 212.768 -37.1799 212.768 -37.1799 0.0 0 
0.349066
 1 290 290 p_village_150 Dewyddwella 2114597 0 0 3 0 0 0 0 0 203.209 -71.5915 203.209 -71.5915 203.209 -71.5915 0.0 0 
1.047198
 1 291 291 p_village_151 Helfeld 2114597 0 0 3 0 0 0 0 0 81.9173 16.2322 81.9173 16.2322 81.9173 16.2322 0.0 0 
0.959931
 1 292 292 p_village_152 Bangor_Is_Coed 2114597 0 0 3 0 0 0 0 0 231.616 -70.2392 231.616 -70.2392 231.616 -70.2392 0.0 0 
0.261799
 1 293 293 p_village_153 Cathures 2114597 0 0 3 0 0 0 0 0 299.006 -75.9329 299.006 -75.9329 299.006 -75.9329 0.0 0 
0.174533
 1 294 294 p_village_154 Essovre 2114597 0 0 3 0 0 0 0 0 110.537 39.3651 110.537 39.3651 110.537 39.3651 0.0 0 
0.610865
 1 295 295 p_village_155 LlangWern 2114597 0 0 3 0 0 0 0 0 207.352 -51.1259 207.352 -51.1259 207.352 -51.1259 0.0 0 
2.792527
 1 296 296 p_village_156 Dwfr 2114597 0 0 3 0 0 0 0 0 127.853 -87.9044 127.853 -87.9044 127.853 -87.9044 0.0 0 
3.141593
 1 297 297 p_village_157 Cill_Mic_Creannain 2114597 0 0 3 0 0 0 0 0 -66.7423 -59.6161 -66.7423 -59.6161 -66.7423 -59.6161 0.0 0 
1.047198
 1 298 298 p_village_158 Aebbercurnig 2114597 0 0 3 0 0 0 0 0 208.951 -93.5591 208.951 -93.5591 208.951 -93.5591 0.0 0 
1.570796
 1 299 299 p_village_159 Irrus_Domnann 2114597 0 0 3 0 0 0 0 0 -191.12 100.152 -191.12 100.152 -191.12 100.152 0.0 0 
3.141593
 1 300 300 p_village_160 Dyvnwtdd 2114597 0 0 3 0 0 0 0 0 279.14 -50.8435 279.14 -50.8435 279.14 -50.8435 0.0 0 
0.610865
 1 301 301 p_village_161 Raith_Bec 2114597 0 0 3 0 0 0 0 0 -281.253 -4.47715 -281.253 -4.47715 -281.253 -4.47715 0.0 0 
3.141593
 1 302 302 p_village_162 Tuidhidhean 2114597 0 0 3 0 0 0 0 0 -154.038 140.206 -154.038 140.206 -154.038 140.206 0.0 0 
4.537856
 1 303 303 p_village_163 Aberlessic 2114597 0 0 3 0 0 0 0 0 190.132 -115.709 190.132 -115.709 190.132 -115.709 0.0 0 
4.188790
 1 304 304 p_village_164 Cluain_Meala 2114597 0 0 3 0 0 0 0 0 -275.47 9.92819 -275.47 9.92819 -275.47 9.92819 0.0 0 
4.188790
 1 305 305 p_village_165 Urnaidhe 2114597 0 0 3 0 0 0 0 0 -172.99 153.719 -172.99 153.719 -172.99 153.719 0.0 0 
3.141593
 1 306 306 p_village_166 Anava 2114597 0 0 3 0 0 0 0 0 289.062 -84.4494 289.062 -84.4494 289.062 -84.4494 0.0 0 
0.785398
 1 307 307 p_village_167 Art_Muirchol 2114597 0 0 3 0 0 0 0 0 -228.117 71.1891 -228.117 71.1891 -228.117 71.1891 0.0 0 
1.570796
 1 308 308 p_village_168 Cuince 2114597 0 0 3 0 0 0 0 0 -196.407 53.7871 -196.407 53.7871 -196.407 53.7871 0.0 0 
1.570796
 1 309 309 p_village_169 Ad_Cluanan 2114597 0 0 3 0 0 0 0 0 -311.427 42.1575 -311.427 42.1575 -311.427 42.1575 0.0 0 
0.610865
 1 310 310 p_village_170 Cliath 2114597 0 0 3 0 0 0 0 0 -282.235 58.3524 -282.235 58.3524 -282.235 58.3524 0.0 0 
0.785398
 1 311 311 p_village_171 Luimneach_Laighean 2114597 0 0 3 0 0 0 0 0 -192.826 117.909 -192.826 117.909 -192.826 117.909 0.0 0 
0.785398
 1 312 312 p_village_172 Ard_Macha 2114597 0 0 3 0 0 0 0 0 -119.906 30.6875 -119.906 30.6875 -119.906 30.6875 0.0 0 
4.188790
 1 313 313 p_village_173 Beannchar 2114597 0 0 3 0 0 0 0 0 -269.398 -1.51331 -269.398 -1.51331 -269.398 -1.51331 0.0 0 
1.570796
 1 314 314 p_village_174 Both_Domhnaigh 2114597 0 0 3 0 0 0 0 0 -251.477 -14.8355 -251.477 -14.8355 -251.477 -14.8355 0.0 0 
1.396263
 1 315 315 p_village_175 Cathair_Chonroi 2114597 0 0 3 0 0 0 0 0 -228.508 38.0563 -228.508 38.0563 -228.508 38.0563 0.0 0 
0.785398
 1 316 316 p_village_176 Luachair 2114597 0 0 3 0 0 0 0 0 -236.043 -47.6745 -236.043 -47.6745 -236.043 -47.6745 0.0 0 
1.570796
 1 317 317 p_village_177 Ached_Bou 2114597 0 0 3 0 0 0 0 0 -219.945 27.7633 -219.945 27.7633 -219.945 27.7633 0.0 0 
1.396263
 1 318 318 p_village_178 Dol_Ais 2114597 0 0 3 0 0 0 0 0 -266.845 40.7207 -266.845 40.7207 -266.845 40.7207 0.0 0 
0.610865
 1 319 319 p_village_179 Lois_Mor 2114597 0 0 3 0 0 0 0 0 -211.27 29.3497 -211.27 29.3497 -211.27 29.3497 0.0 0 
4.188790
 1 320 320 p_village_180 Mag_Liphi 2114597 0 0 3 0 0 0 0 0 -249.084 -38.3347 -249.084 -38.3347 -249.084 -38.3347 0.0 0 
4.537856
 1 321 321 p_village_181 Dol 2114597 0 0 3 0 0 0 0 0 -307.141 38.4681 -307.141 38.4681 -307.141 38.4681 0.0 0 
4.188790
 1 322 322 p_village_182 Tairpert_Boitir 2114597 0 0 3 0 0 0 0 0 -230.562 82.1581 -230.562 82.1581 -230.562 82.1581 0.0 0 
1.570796
 1 323 323 p_village_183 Ego 2114597 0 0 3 0 0 0 0 0 -240.505 56.0149 -240.505 56.0149 -240.505 56.0149 0.0 0 
1.396263
 1 324 324 p_village_184 Boand 2114597 0 0 3 0 0 0 0 0 -186.039 132.298 -186.039 132.298 -186.039 132.298 0.0 0 
0.785398
 1 325 325 p_village_185 Achadh_Fharcha 2114597 0 0 3 0 0 0 0 0 -195.94 -53.7881 -195.94 -53.7881 -195.94 -53.7881 0.0 0 
3.141593
 1 326 326 p_village_186 Ir_Ysgyn 2114597 0 0 3 0 0 0 0 0 -214.365 63.7957 -214.365 63.7957 -214.365 63.7957 0.0 0 
0.785398
 1 327 327 p_village_187 Boher_Bue 2114597 0 0 3 0 0 0 0 0 -170.868 47.709 -170.868 47.709 -170.868 47.709 0.0 0 
1.047198
 1 328 328 p_village_188 Achadh_Chuinnire 2114597 0 0 3 0 0 0 0 0 -207.521 100.689 -207.521 100.689 -207.521 100.689 0.0 0 
1.570796
 1 329 329 p_village_189 Sleamhain 2114597 0 0 3 0 0 0 0 0 -124.274 6.8339 -124.274 6.8339 -124.274 6.8339 0.0 0 
1.396263
 1 330 330 p_village_190 Gobhann 2114597 0 0 3 0 0 0 0 0 281.537 -72.9586 281.537 -72.9586 281.537 -72.9586 0.0 0 
0.785398
 1 331 331 p_village_191 Huensis 2114597 0 0 3 0 0 0 0 0 -230.17 66.547 -230.17 66.547 -230.17 66.547 0.0 0 
4.188790
 1 332 332 p_village_192 Yr_Wyn 2114597 0 0 3 0 0 0 0 0 280.17 -84.0338 280.17 -84.0338 280.17 -84.0338 0.0 0 
4.537856
 1 333 333 p_village_193 Ilea 2114597 0 0 3 0 0 0 0 0 -241.39 94.1038 -241.39 94.1038 -241.39 94.1038 0.0 0 
1.570796
 1 334 334 p_village_194 Doirad_Eilinn 2114597 0 0 3 0 0 0 0 0 -226.233 52.6908 -226.233 52.6908 -226.233 52.6908 0.0 0 
3.141593
 1 335 335 p_village_195 Baile_Loch 2114597 0 0 3 0 0 0 0 0 -183.371 88.1357 -183.371 88.1357 -183.371 88.1357 0.0 0 
1.570796
 1 336 336 p_village_196 Cindgaradh 2114597 0 0 3 0 0 0 0 0 -195.847 73.3653 -195.847 73.3653 -195.847 73.3653 0.0 0 
1.570796
 1 337 337 p_village_197 Llanerch 2114597 0 0 3 0 0 0 0 0 273.648 -56.1797 273.648 -56.1797 273.648 -56.1797 0.0 0 
1.570796
 1 338 338 p_village_198 Druim_Dergblathiug 2114597 0 0 3 0 0 0 0 0 -321.249 35.1686 -321.249 35.1686 -321.249 35.1686 0.0 0 
1.396263
 1 339 339 p_village_199 Nisa 2114597 0 0 3 0 0 0 0 0 -317.617 36.8104 -317.617 36.8104 -317.617 36.8104 0.0 0 
0.785398
 1 340 340 p_village_200 Lugmud 2114597 0 0 3 0 0 0 0 0 -257.584 -24.4795 -257.584 -24.4795 -257.584 -24.4795 0.0 0 
4.188790
 1 341 341 p_village_201 Dumha_Aichir 2114597 0 0 3 0 0 0 0 0 -174.124 112.65 -174.124 112.65 -174.124 112.65 0.0 0 
4.537856
 1 342 342 p_village_202 Clogher_Mor 2114597 0 0 3 0 0 0 0 0 -160.617 45.8067 -160.617 45.8067 -160.617 45.8067 0.0 0 
3.141593
 1 343 343 p_village_203 Imchlar 2114597 0 0 3 0 0 0 0 0 -123.084 84.4003 -123.084 84.4003 -123.084 84.4003 0.0 0 
4.188790
 1 344 344 p_village_204 Cath_Atho_Dara 2114597 0 0 3 0 0 0 0 0 -236.269 9.99436 -236.269 9.99436 -236.269 9.99436 0.0 0 
0.785398
 1 345 345 p_village_205 Mageduac 2114597 0 0 3 0 0 0 0 0 280.637 -59.6518 280.637 -59.6518 280.637 -59.6518 0.0 0 
1.570796
 1 346 346 p_village_206 Ached_Fobuir 2114597 0 0 3 0 0 0 0 0 -209.374 80.6075 -209.374 80.6075 -209.374 80.6075 0.0 0 
1.570796
 1 347 347 p_village_207 Uaine 2114597 0 0 3 0 0 0 0 0 -269.915 32.8121 -269.915 32.8121 -269.915 32.8121 0.0 0 
1.396263
 1 348 348 p_village_208 Magh_Gals 2114597 0 0 3 0 0 0 0 0 -202.486 65.1307 -202.486 65.1307 -202.486 65.1307 0.0 0 
4.188790
 1 349 349 p_village_209 Pabell 2114597 0 0 3 0 0 0 0 0 304.968 -58.5494 304.968 -58.5494 304.968 -58.5494 0.0 0 
4.188790
 1 350 350 p_village_210 Aillinn 2114597 0 0 3 0 0 0 0 0 -119.149 -13.8842 -119.149 -13.8842 -119.149 -13.8842 0.0 0 
4.537856
 1 351 351 p_village_211 Ruim 2114597 0 0 3 0 0 0 0 0 -322.349 4.63785 -322.349 4.63785 -322.349 4.63785 0.0 0 
1.570796
 1 352 352 p_village_212 Daire_Calgaich 2114597 0 0 3 0 0 0 0 0 -184.173 -44.0865 -184.173 -44.0865 -184.173 -44.0865 0.0 0 
3.141593
 1 353 353 p_salt_mine Salinae 2114591 0 0 3 0 0 0 0 0 -269.542 12.2675 -269.542 12.2675 -269.542 12.2675 0.0 0 
0.000000
 1 354 354 p_four_ways_inn Feotherestan_(inn) 2114831 0 0 3 0 0 0 0 0 126.748 -14.174 126.748 -14.174 126.748 -14.174 0.0 0 
0.000000
 1 355 355 p_test_scene test_scene 2114831 0 0 3 0 0 0 0 0 10.800000 -19.600000 10.800000 -19.600000 10.800000 -19.600000 0.0 0 
0.000000
 1 356 356 p_battlefields battlefields 2114831 0 0 3 0 0 0 0 0 10.800000 -16.600000 10.800000 -16.600000 10.800000 -16.600000 0.0 0 
0.000000
 1 357 357 p_celidon_forest Ancient_Stones 2114593 0 0 3 0 0 0 0 0 274.119 -51.3611 274.119 -51.3611 274.119 -51.3611 0.0 0 
0.000000
 1 358 358 p_hidden_valley Rare_Ruins 2114591 0 0 3 0 0 0 0 0 -35.6448 48.3641 -35.6448 48.3641 -35.6448 48.3641 0.0 0 
0.000000
 1 359 359 p_iniau_hideout Sacred_Grove 2114593 0 0 3 0 0 0 0 0 95.0514 -9.56305 95.0514 -9.56305 95.0514 -9.56305 0.0 0 
0.000000
 1 360 360 p_quarry1 Quarry 2114591 0 0 3 0 0 0 0 0 98.3909 32.0849 98.3909 32.0849 98.3909 32.0849 0.0 0 
0.000000
 1 361 361 p_hadrian_wall1 Hadrian_Wall 2114591 0 0 3 0 0 0 0 0 220.852 0.14 220.852 0.14 220.852 0.14 0.0 0 
0.000000
 1 362 362 p_odin_cave Cave 2114593 0 0 3 0 0 0 0 0 233.771 -121.445 233.771 -121.445 233.771 -121.445 0.0 0 
0.000000
 1 363 363 p_river_delta River_Delta 2114831 0 0 3 0 0 0 0 0 -228.298 60.7655 -228.298 60.7655 -228.298 60.7655 0.0 0 
0.000000
 1 364 364 p_quarry Quarry 2114831 0 0 3 0 0 0 0 0 93.1417 35.5065 93.1417 35.5065 93.1417 35.5065 0.0 0 
0.000000
 1 365 365 p_tilting_at_windmills Tilting_at_Windmills 2114831 0 0 3 0 0 0 0 0 262.474 -49.465 262.474 -49.465 262.474 -49.465 0.0 0 
0.000000
 1 366 366 p_multi_indigo_cradle Cradle 2114831 0 0 3 0 0 0 0 0 295.203 35.1479 295.203 35.1479 295.203 35.1479 0.0 0 
0.000000
 1 367 367 p_multi_indigo_frontier Frontier 2114831 0 0 3 0 0 0 0 0 171.748 12.9584 171.748 12.9584 171.748 12.9584 0.0 0 
0.000000
 1 368 368 p_of_multi_caravan_ambush Caravan_ambush 2114831 0 0 3 0 0 0 0 0 148.207 10.0307 148.207 10.0307 148.207 10.0307 0.0 0 
0.000000
 1 369 369 p_of_multi_crezy Forest_Pass 2114831 0 0 3 0 0 0 0 0 190.534 -41.117 190.534 -41.117 190.534 -41.117 0.0 0 
0.000000
 1 370 370 p_of_multi_fjord Fjord 2114831 0 0 3 0 0 0 0 0 214.558 -44.9197 214.558 -44.9197 214.558 -44.9197 0.0 0 
0.000000
 1 371 371 p_of_multi_hastings Hastings 2114831 0 0 3 0 0 0 0 0 256.579 -39.5133 256.579 -39.5133 256.579 -39.5133 0.0 0 
0.000000
 1 372 372 p_of_multi_hot_gates Hot_Gates 2114831 0 0 3 0 0 0 0 0 231.073 -79.1497 231.073 -79.1497 231.073 -79.1497 0.0 0 
0.000000
 1 373 373 p_of_multi_mini_circles Circle 2114831 0 0 3 0 0 0 0 0 121.029 50.4241 121.029 50.4241 121.029 50.4241 0.0 0 
0.000000
 1 374 374 p_of_multi_rock_valley Rock_Valley 2114831 0 0 3 0 0 0 0 0 -181.82 77.3078 -181.82 77.3078 -181.82 77.3078 0.0 0 
0.000000
 1 375 375 p_of_multi_small_ruins Ruins 2114831 0 0 3 0 0 0 0 0 -213.229 65.8377 -213.229 65.8377 -213.229 65.8377 0.0 0 
0.000000
 1 376 376 p_of_multi_stone_circles Stone_Circles 2114831 0 0 3 0 0 0 0 0 -244.677 30.7778 -244.677 30.7778 -244.677 30.7778 0.0 0 
0.000000
 1 377 377 p_of_multi_thingvellir Thingvellir 2114831 0 0 3 0 0 0 0 0 -242.24 8.37828 -242.24 8.37828 -242.24 8.37828 0.0 0 
0.000000
 1 378 378 p_battle_stones Stone_Row 2114831 0 0 3 0 0 0 0 0 -251.7 -0.79 -251.7 -0.79 -251.7 -0.79 0.0 0 
0.000000
 1 379 379 p_circle_mystic Circle_Mystic 2114831 0 0 3 0 0 0 0 0 -268.873 24.8301 -268.873 24.8301 -268.873 24.8301 0.0 0 
0.000000
 1 380 380 p_roman_fort Roman_Fort 2114831 0 0 3 0 0 0 0 0 207.716 26.7175 207.716 26.7175 207.716 26.7175 0.0 0 
0.000000
 1 381 381 p_hadrian_wall Hadrian_Wall 2114831 0 0 3 0 0 0 0 0 220.443 0.071 220.443 0.071 220.443 0.071 0.0 0 
0.000000
 1 382 382 p_farmland Farmland 2114831 0 0 3 0 0 0 0 0 -265.049 42.3834 -265.049 42.3834 -265.049 42.3834 0.0 0 
0.000000
 1 383 383 p_stonemonumento stonemonumento 2114831 0 0 3 0 0 0 0 0 282.272 -50.1305 282.272 -50.1305 282.272 -50.1305 0.0 0 
0.000000
 1 384 384 p_forestbattle Forest_Battle 2114831 0 0 3 0 0 0 0 0 -306.918 38.4368 -306.918 38.4368 -306.918 38.4368 0.0 0 
0.000000
 1 385 385 p_multi_scene_dam_10 Dam 2114831 0 0 3 0 0 0 0 0 -7.640000 -50.410000 -7.640000 -50.410000 -7.640000 -50.410000 0.0 0 
0.000000
 1 386 386 p_dhorak_keep Dhorak_Keep 2639116 0 0 3 0 0 0 0 0 48.25 -76.1963 48.25 -76.1963 48.25 -76.1963 0.0 0 
0.000000
 1 387 387 p_training_ground Training_Ground 2114852 0 0 3 0 0 0 0 0 240.486 -10.5867 240.486 -10.5867 240.486 -10.5867 0.0 0 
0.000000
 1 388 388 p_training_ground_1 Training_Field 2118692 0 0 3 0 0 0 0 0 133.147 42.8549 133.147 42.8549 133.147 42.8549 0.0 0 
1.745329
 1 389 389 p_training_ground_2 Training_Village 2118692 0 0 3 0 0 0 0 0 -217.445 56.3136 -217.445 56.3136 -217.445 56.3136 0.0 0 
1.745329
 1 390 390 p_training_ground_3 Training_Field 2118948 0 0 3 0 0 0 0 0 -145.173 -31.9407 -145.173 -31.9407 -145.173 -31.9407 0.0 0 
1.745329
 1 391 391 p_training_ground_4 Training_Lake 2118692 0 0 3 0 0 0 0 0 31.1439 7.57517 31.1439 7.57517 31.1439 7.57517 0.0 0 
1.745329
 1 392 392 p_training_ground_5 Training_Camp 2118692 0 0 3 0 0 0 0 0 -68.7175 91.6127 -68.7175 91.6127 -68.7175 91.6127 0.0 0 
1.745329
 1 393 393 p_monasterio1 Ad_Candida_Casam 2114573 0 0 3 0 0 0 0 0 273.916 -62.3586 273.916 -62.3586 273.916 -62.3586 0.0 0 
0.000000
 1 394 394 p_monasterio2 Iona 2114573 0 0 3 0 0 0 0 0 296.817 20.9406 296.817 20.9406 296.817 20.9406 0.0 0 
0.000000
 1 395 395 p_monasterio3 Cill_Dara 2114573 0 0 3 0 0 0 0 0 239.34 -59.9329 239.34 -59.9329 239.34 -59.9329 0.0 0 
0.000000
 1 396 396 p_monasterio4 Dommoc 2114573 0 0 3 0 0 0 0 0 179.365 -26.1263 179.365 -26.1263 179.365 -26.1263 0.0 0 
0.000000
 1 397 397 p_monasterio5 Lindisfarne 2114573 0 0 3 0 0 0 0 0 165.285 -85.3124 165.285 -85.3124 165.285 -85.3124 0.0 0 
0.000000
 1 398 398 p_monasterio6 Mynyw 2114573 0 0 3 0 0 0 0 0 212.344 2.97555 212.344 2.97555 212.344 2.97555 0.0 0 
0.000000
 1 399 399 p_monasterio7 Ard_Macha 2114573 0 0 3 0 0 0 0 0 -291.268 41.8286 -291.268 41.8286 -291.268 41.8286 0.0 0 
0.000000
 1 400 400 p_monasterio8 Abbercurnig 2114573 0 0 3 0 0 0 0 0 -152.681 -7.71708 -152.681 -7.71708 -152.681 -7.71708 0.0 0 
0.000000
 1 401 401 p_outpost_1 Outpost 17685 0 0 3 0 0 0 0 0 0.000000 0.000000 0.000000 0.000000 0.000000 0.000000 0.0 0 
0.000000
 1 402 402 p_outpost_2 Outpost 17685 0 0 3 0 0 0 0 0 1.000000 -1.000000 1.000000 -1.000000 1.000000 -1.000000 0.0 0 
0.000000
 1 403 403 p_fort My_Lair 21783 0 0 3 0 0 0 0 0 1.000000 1.000000 1.000000 1.000000 1.000000 1.000000 0.0 0 
0.000000
 1 404 404 p_temp_loot_wagon Supply_Wagon 256 0 0 1 0 0 0 0 0 0.000000 0.000000 0.000000 0.000000 0.000000 0.000000 0.0 0 
0.000000
 1 405 405 p_bridge_1 {!}1 541742 0 0 3 0 0 0 0 0 226.086 -61.2525 226.086 -61.2525 226.086 -61.2525 0.0 0 
1.570796
 1 406 406 p_bridge_2 {!}2 541742 0 0 3 0 0 0 0 0 -154.143 64.4434 -154.143 64.4434 -154.143 64.4434 0.0 0 
1.117011
 1 407 407 p_bridge_3 {!}3 541742 0 0 3 0 0 0 0 0 265.2 -26.0298 265.2 -26.0298 265.2 -26.0298 0.0 0 
0.174533
 1 408 408 p_bridge_4 {!}4 541742 0 0 3 0 0 0 0 0 294.439 14.091 294.439 14.091 294.439 14.091 0.0 0 
1.570796
 1 409 409 p_bridge_5 {!}5 541742 0 0 3 0 0 0 0 0 297.076 25.3451 297.076 25.3451 297.076 25.3451 0.0 0 
2.356194
 1 410 410 p_bridge_6 {!}6 541744 0 0 3 0 0 0 0 0 188.643 -10.4055 188.643 -10.4055 188.643 -10.4055 0.0 0 
2.094395
 1 411 411 p_bridge_7 {!}7 541744 0 0 3 0 0 0 0 0 145.624 -19.88 145.624 -19.88 145.624 -19.88 0.0 0 
1.308997
 1 412 412 p_bridge_8 {!}8 541744 0 0 3 0 0 0 0 0 134.705 66.4917 134.705 66.4917 134.705 66.4917 0.0 0 
0.959931
 1 413 413 p_bridge_9 {!}9 541742 0 0 3 0 0 0 0 0 140.613 66.7289 140.613 66.7289 140.613 66.7289 0.0 0 
1.047198
 1 414 414 p_bridge_10 {!}10 541742 0 0 3 0 0 0 0 0 146.878 68.5142 146.878 68.5142 146.878 68.5142 0.0 0 
0.610865
 1 415 415 p_bridge_11 {!}11 541743 0 0 3 0 0 0 0 0 128.36 100.375 128.36 100.375 128.36 100.375 0.0 0 
1.570796
 1 416 416 p_bridge_12 {!}12 541743 0 0 3 0 0 0 0 0 -266.434 29.0735 -266.434 29.0735 -266.434 29.0735 0.0 0 
2.356194
 1 417 417 p_bridge_13 {!}13 541743 0 0 3 0 0 0 0 0 57.9628 58.456 57.9628 58.456 57.9628 58.456 0.0 0 
1.570796
 1 418 418 p_bridge_15 {!}15 541743 0 0 3 0 0 0 0 0 -19.0492 69.9913 -19.0492 69.9913 -19.0492 69.9913 0.0 0 
0.261799
 1 419 419 p_bridge_16 {!}16 541743 0 0 3 0 0 0 0 0 -45.8908 102.493 -45.8908 102.493 -45.8908 102.493 0.0 0 
0.610865
 1 420 420 p_bridge_17 {!}17 541743 0 0 3 0 0 0 0 0 -212.319 43.1598 -212.319 43.1598 -212.319 43.1598 0.0 0 
0.261799
 1 421 421 p_bridge_18 {!}18 541743 0 0 3 0 0 0 0 0 -173.679 45.9654 -173.679 45.9654 -173.679 45.9654 0.0 0 
1.570796
 1 422 422 p_bridge_19 {!}19 541743 0 0 3 0 0 0 0 0 -260.757 8.56495 -260.757 8.56495 -260.757 8.56495 0.0 0 
2.094395
 1 423 423 p_looter_spawn_point looter_sp 1280 0 0 2 0 0 0 0 0 34.6578 54.0045 34.6578 54.0045 34.6578 54.0045 0.0 1 147 15 0 0 
0.000000
 1 424 424 p_looter_spawn_point3 looter_sp 1280 0 0 2 0 0 0 0 0 289.539 18.4391 289.539 18.4391 289.539 18.4391 0.0 1 147 15 0 0 
0.000000
 1 425 425 p_steppe_bandit_spawn_point steppe_bandit_sp 1280 0 0 2 0 0 0 0 0 184.09 -55.4095 184.09 -55.4095 184.09 -55.4095 0.0 1 147 15 0 0 
0.000000
 1 426 426 p_taiga_bandit_spawn_point the_tundra 1280 0 0 2 0 0 0 0 0 -177.939 -14.7211 -177.939 -14.7211 -177.939 -14.7211 0.0 1 147 15 0 0 
0.000000
 1 427 427 p_forest_bandit_spawn_point forest_bandit_sp 1280 0 0 2 0 0 0 0 0 242.208 -48.0767 242.208 -48.0767 242.208 -48.0767 0.0 1 147 15 0 0 
0.000000
 1 428 428 p_forest_bandit_spawn_point2 forest_bandit_sp 1280 0 0 2 0 0 0 0 0 -62.2162 88.0226 -62.2162 88.0226 -62.2162 88.0226 0.0 1 147 15 0 0 
0.000000
 1 429 429 p_forest_bandit_spawn_point4 forest_bandit_sp 1280 0 0 2 0 0 0 0 0 197.55 -8.3676 197.55 -8.3676 197.55 -8.3676 0.0 1 147 15 0 0 
0.000000
 1 430 430 p_mountain_bandit_spawn_point mountain_bandit_sp 1280 0 0 2 0 0 0 0 0 -240.856 -14.753 -240.856 -14.753 -240.856 -14.753 0.0 1 147 15 0 0 
0.000000
 1 431 431 p_mountain_bandit_spawn_point3 mountain_bandit_sp 1280 0 0 2 0 0 0 0 0 -211.925 88.3896 -211.925 88.3896 -211.925 88.3896 0.0 1 147 15 0 0 
0.000000
 1 432 432 p_new_sp new_sp 1280 0 0 3 0 0 0 0 0 -7.35643 2.54335 -7.35643 2.54335 -7.35643 2.54335 0.0 1 147 15 0 0 
0.000000
 1 433 433 p_new_sp2 new_sp 1280 0 0 2 0 0 0 0 0 -178.054 16.4254 -178.054 16.4254 -178.054 16.4254 0.0 1 147 15 0 0 
0.000000
 1 434 434 p_new_sp3 new_sp 1280 0 0 3 0 0 0 0 0 237.049 37.7711 237.049 37.7711 237.049 37.7711 0.0 1 147 15 0 0 
0.000000
 1 435 435 p_new_sp4 new_sp 1280 0 0 2 0 0 0 0 0 153.162 64.6296 153.162 64.6296 153.162 64.6296 0.0 1 147 15 0 0 
0.000000
 1 436 436 p_sea_raider_spawn_point_1 sea_raider_sp 1280 0 0 2 0 0 0 0 0 224.767 35.4249 224.767 35.4249 224.767 35.4249 0.0 1 147 15 0 0 
0.000000
 1 437 437 p_sea_raider_spawn_point_2 sea_raider_sp 1280 0 0 2 0 0 0 0 0 -12.2152 24.2355 -12.2152 24.2355 -12.2152 24.2355 0.0 1 147 15 0 0 
0.000000
 1 438 438 p_sea_raider_spawn_point_3 sea_raider_sp 1280 0 0 2 0 0 0 0 0 -213.247 52.7871 -213.247 52.7871 -213.247 52.7871 0.0 1 147 15 0 0 
0.000000
 1 439 439 p_desert_bandit_spawn_point the_deserts 1280 0 0 2 0 0 0 0 0 110.537 43.3651 110.537 43.3651 110.537 43.3651 0.0 1 147 15 0 0 
0.000000
 1 440 440 p_ship_raider_spawn_point_1 sea_pirate_sp 1280 0 0 2 0 0 0 0 0 237.542 -98.3153 237.542 -98.3153 237.542 -98.3153 0.0 1 147 15 0 0 
0.000000
 1 441 441 p_ship_raider_spawn_point_2 sea_pirate_sp 1280 0 0 2 0 0 0 0 0 161.363 22.3994 161.363 22.3994 161.363 22.3994 0.0 1 147 15 0 0 
0.000000
 1 442 442 p_ship_raider_spawn_point_3 sea_pirate_sp 1280 0 0 2 0 0 0 0 0 -276.115 44.4187 -276.115 44.4187 -276.115 44.4187 0.0 1 147 15 0 0 
0.000000
 1 443 443 p_spawn_points_end {!}last_spawn_point 1280 0 0 1 0 0 0 0 0 0.000000 0.000000 0.000000 0.000000 0.000000 0.000000 0.0 1 147 15 0 0 
0.000000
 1 444 444 p_reserved_1 {!}last_spawn_point 1280 0 0 1 0 0 0 0 0 0.000000 0.000000 0.000000 0.000000 0.000000 0.000000 0.0 1 147 15 0 0 
0.000000
 1 445 445 p_reserved_2 {!}last_spawn_point 1280 0 0 1 0 0 0 0 0 0.000000 0.000000 0.000000 0.000000 0.000000 0.000000 0.0 1 147 15 0 0 
0.000000
 1 446 446 p_reserved_3 {!}last_spawn_point 1280 0 0 1 0 0 0 0 0 0.000000 0.000000 0.000000 0.000000 0.000000 0.000000 0.0 1 147 15 0 0 
0.000000
 1 447 447 p_reserved_4 {!}last_spawn_point 1280 0 0 1 0 0 0 0 0 0.000000 0.000000 0.000000 0.000000 0.000000 0.000000 0.0 1 147 15 0 0 
0.000000
 1 448 448 p_reserved_5 {!}last_spawn_point 1280 0 0 1 0 0 0 0 0 0.000000 0.000000 0.000000 0.000000 0.000000 0.000000 0.0 1 147 15 0 0 
0.000000
