triggersfile version 1
46
0.100000 0.000000 100000000.000000  1 37 1 0  1 1120 1 216172782113783828 
0.100000 0.000000 100000000.000000  4 200 1 504403158265495618 546 3 504403158265495618 11 1 2271 1 72057594037928036 32 2 72057594037928036 12  8 1103 1 0 1100 2 648518346341351488 576460752303423510 2133 2 144115188075857081 72057594037927936 1603 3 144115188075857081 65536 0 1640 2 144115188075857081 4 1641 2 144115188075857081 648518346341351424 1251 2 360287970189641054 720575940379279539 506 3 504403158265495618 11 2 
1.000000 0.000000 5.000000  1 37 0  8 6 3 1224979098644774912 648518346341351448 648518346341351565 2204 2 1224979098644774913 1224979098644774912 2190 3 1224979098644774914 432345564227567656 1224979098644774913 2147483678 2 1224979098644774914 0 2281 3 1224979098644774915 648518346341351424 1224979098644774912 2147483678 2 1224979098644774915 5 1106 2 1585267068834416667 16724787 3 0 
0.000000 0.000000 168.000000  0  1 1 1 936748722493063765 
0.000000 0.000000 168.000000  0  1 1 1 936748722493063766 
0.000000 0.000000 168.000000  0  1 1 1 936748722493063767 
0.000000 0.000000 168.000000  0  1 1 1 936748722493063768 
0.000000 2.000000 0.000000  2 132 1 144115188075857567 131 1 144115188075857567  2 1640 2 144115188075857567 4 1641 2 144115188075857567 648518346341351424 
3.000000 1.000000 100000000.000000  2 37 0 32 2 144115188075857553 40  1 1120 1 216172782113787687 
3.000000 1.000000 100000000.000000  2 37 0 30 2 144115188075857553 100  1 1120 1 216172782113787688 
5.700000 0.000000 0.000000  2 2310 2 72057594037927938 576460752303423495 2147483678 2 72057594037927938 4  4 1103 1 1 2120 3 1224979098644774912 648518346341351489 1 2136 3 1224979098644774913 648518346341351448 1224979098644774912 1100 2 1224979098644774913 576460752303423495 
1.000000 0.000000 0.000000  3 200 1 504403158265495611 2147483851 1 504403158265495611 2147483850 1 504403158265495611  29 526 3 1224979098644774912 504403158265495611 8 4 0 132 1 1224979098644774912 2204 2 1224979098644774913 1224979098644774912 2147483681 3 1224979098644774913 432345564227567656 432345564227567688 2133 2 1224979098644774914 8 4 0 2273 0 2133 2 1224979098644774914 5 3 0 11 1 1224979098644774915 32 2 1224979098644774915 648518346341351867 2204 2 1224979098644774916 1224979098644774915 33 3 1224979098644774916 432345564227567656 432345564227567688 2281 3 1224979098644774917 1224979098644774915 1224979098644774912 2147483678 2 1224979098644774917 1224979098644774914 4 0 31 2 144115188075856163 1 2330 2 4 1224979098644774915 1106 1 1585267068834416668 3 0 1 2 936748722493063404 1224979098644774912 2133 2 1224979098644774918 72057594037927936 1 6 936748722493063675 70 1224979098644774915 1224979098644774918 1224979098644774912 -1 3 0 5 0 1106 1 216172782113783826 1 3 936748722493063510 504403158265495611 0 3 0 
2.000000 0.000000 0.000000  2 2311 2 72057594037927938 576460752303423527 131 1 72057594037927938  5 2204 2 1224979098644774912 72057594037927938 1 3 936748722493063385 1224979098644774912 -1 1640 2 72057594037927938 1 1641 2 72057594037927938 72057594037927936 1603 3 72057594037927938 65536 0 
4.000000 0.000000 0.000000  11 31 2 144115188075855972 1 2133 2 1224979098644774912 0 4 0 2147483780 1 144115188075856108 2133 2 1224979098644774912 1 5 0 2291 2 1224979098644774913 144115188075856108 2147483679 2 1224979098644774913 144115188075856107 2133 2 1224979098644774912 1 3 0 31 2 1224979098644774912 1  1 2133 2 144115188075855972 0 
1.500000 0.000000 0.000000  2 2311 2 72057594037927938 576460752303423523 131 1 72057594037927938  5 2204 2 1224979098644774912 72057594037927938 1 3 936748722493063385 1224979098644774912 -1 1640 2 72057594037927938 1 1641 2 72057594037927938 72057594037927936 1603 3 72057594037927938 65536 0 
1.000000 0.000000 0.000000  0  13 6 3 1224979098644774912 432345564227567656 432345564227567688 542 3 1224979098644774912 21 0 4 0 2136 3 1224979098644774913 0 100 2147483678 2 1224979098644774913 10 1 3 936748722493063435 1224979098644774912 11 3 0 4 0 2136 3 1224979098644774913 0 100 2147483678 2 1224979098644774913 10 1 3 936748722493063435 1224979098644774912 5 3 0 3 0 
0.000000 0.000000 24.000000  2 2272 1 1224979098644774912 31 2 1224979098644774912 144115188075857083  44 4 0 31 2 144115188075857082 1 1106 1 1585267068834416669 1520 3 360287970189639680 0 0 5 0 31 2 144115188075857082 2 1106 1 1585267068834416670 1520 3 360287970189639680 0 0 1520 3 360287970189639680 1 0 5 0 31 2 144115188075857082 3 1106 1 1585267068834416671 1520 3 360287970189639680 2 0 5 0 31 2 144115188075857082 4 1106 1 1585267068834416672 1520 3 360287970189639680 1 0 5 0 31 2 144115188075857082 5 1106 1 1585267068834416673 1520 3 360287970189639680 0 0 1521 3 360287970189639680 35 0 1521 3 360287970189639680 33 0 5 0 31 2 144115188075857082 6 1106 1 1585267068834416674 1520 3 360287970189639680 0 0 1520 3 360287970189639680 1 0 1521 3 360287970189639680 36 0 5 0 31 2 144115188075857082 7 1106 1 1585267068834416675 1520 3 360287970189639680 2 0 1521 3 360287970189639680 1 0 1521 3 360287970189639680 15 0 5 0 31 2 144115188075857082 8 1106 1 1585267068834416676 1520 3 360287970189639680 1 0 1521 3 360287970189639680 24 0 1521 3 360287970189639680 25 0 3 0 2133 2 144115188075857082 0 2133 2 144115188075857083 0 
0.200000 0.000000 0.000000  43 200 1 504403158265495571 2147483852 1 504403158265495571 546 3 504403158265495571 11 2 526 3 1224979098644774912 504403158265495571 1 526 3 1224979098644774913 504403158265495571 8 4 0 2147483780 1 1224979098644774913 506 3 504403158265495571 11 3 1 2 936748722493063579 504403158265495571 5 0 130 2 1224979098644774913 1224979098644774912 1232 1 1224979098644774913 506 3 504403158265495571 11 3 526 3 1224979098644774914 504403158265495571 4 2133 2 1224979098644774915 0 6 3 1224979098644774916 432345564227567656 432345564227567688 542 3 1224979098644774916 21 0 2147483679 2 1224979098644774916 432345564227567656 2147484194 3 504403158265495571 3 1224979098644774916 2105 2 1224979098644774915 1 3 0 4 0 32 2 1224979098644774915 0 2136 3 1224979098644774917 0 1224979098644774915 2133 2 1224979098644774918 -1 6 3 1224979098644774916 432345564227567656 432345564227567688 31 2 1224979098644774918 -1 542 3 1224979098644774916 21 0 2147483679 2 1224979098644774916 432345564227567656 2147484194 3 504403158265495571 3 1224979098644774916 2106 2 1224979098644774917 1 2147483678 2 1224979098644774917 0 2133 2 1224979098644774918 1224979098644774916 3 0 3 0 4 0 32 2 1224979098644774918 0 1 3 936748722493063418 1224979098644774914 1224979098644774918 5 0 1 3 936748722493063418 1224979098644774914 432345564227567689 3 0 1 2 936748722493063578 504403158265495571 3 0  0 
0.200000 0.000000 0.000000  64 200 1 504403158265495566 2147483852 1 504403158265495566 526 3 1224979098644774912 504403158265495566 7 526 3 1224979098644774913 504403158265495566 1 4 0 132 1 144115188075856085 4 0 130 2 144115188075856085 1224979098644774913 1232 1 144115188075856085 2105 2 144115188075855973 1 5 0 130 2 144115188075856085 1224979098644774912 1232 1 144115188075856085 2105 2 144115188075855974 1 5 0 2281 3 1224979098644774914 648518346341351424 144115188075856085 32 2 1224979098644774914 3 1641 2 144115188075856085 1224979098644774913 3 0 3 0 4 0 132 1 144115188075856086 4 0 130 2 144115188075856086 1224979098644774913 1232 1 144115188075856086 2105 2 144115188075855973 1 5 0 130 2 144115188075856086 1224979098644774912 1232 1 144115188075856086 2105 2 144115188075855974 1 5 0 2281 3 1224979098644774914 648518346341351424 144115188075856086 32 2 1224979098644774914 3 1641 2 144115188075856086 1224979098644774913 3 0 3 0 4 0 132 1 144115188075856087 4 0 130 2 144115188075856087 1224979098644774913 1232 1 144115188075856087 2105 2 144115188075855973 1 5 0 130 2 144115188075856087 1224979098644774912 1232 1 144115188075856087 2105 2 144115188075855974 1 5 0 2281 3 1224979098644774914 648518346341351424 144115188075856087 32 2 1224979098644774914 3 1641 2 144115188075856087 1224979098644774913 3 0 3 0 2133 2 1224979098644774915 144115188075855974 2105 2 1224979098644774915 144115188075855973 30 2 1224979098644774915 3 4 0 30 2 144115188075855974 3 1 2 936748722493063578 504403158265495566 5 0 31 2 144115188075855974 0 1 2 936748722493063579 504403158265495566 5 0 1 2 936748722493063577 504403158265495566 3 0  0 
0.500000 0.000000 0.000000  94 200 1 504403158265495567 31 2 144115188075855980 0 526 3 1224979098644774912 504403158265495567 12 526 3 1224979098644774913 504403158265495567 7 2133 2 1224979098644774914 0 4 0 1073741854 2 144115188075855975 2 3221225604 1 144115188075856084 2147483780 1 144115188075856083 5 0 31 2 144115188075855976 0 2281 3 1224979098644774915 648518346341351424 144115188075856084 4 0 2133 2 1224979098644774916 3 4 0 2273 0 2133 2 1224979098644774916 1 3 0 2147483680 2 1224979098644774915 1224979098644774916 2281 3 1224979098644774917 648518346341351424 1224979098644774912 32 2 1224979098644774917 1 2105 2 144115188075855975 1 4 0 31 2 144115188075855975 2 2133 2 1224979098644774914 1 1106 1 216172782113783978 3 0 5 0 2281 3 1224979098644774915 144115188075856083 144115188075856084 2147483680 2 1224979098644774915 1 1660 2 144115188075856084 144115188075856083 2133 2 144115188075855976 1 2133 2 144115188075855977 0 3 0 5 0 31 2 144115188075855976 1 2281 3 1224979098644774915 648518346341351424 144115188075856083 4 0 2147483680 2 1224979098644774915 1 1661 1 144115188075856084 2105 2 144115188075855975 1 4 0 31 2 144115188075855975 2 2133 2 1224979098644774914 1 1106 1 216172782113783978 3 0 5 0 2105 2 144115188075855977 1 32 2 144115188075855977 4 1661 1 144115188075856084 2133 2 1224979098644774914 1 2133 2 144115188075855976 2 3 0 3 0 4 0 31 2 1224979098644774914 1 1641 2 144115188075856084 1224979098644774912 1641 2 144115188075856083 1224979098644774913 1640 2 144115188075856084 1 1640 2 144115188075856083 1 1603 3 144115188075856084 65536 0 1603 3 144115188075856083 65536 0 3 0 2133 2 1224979098644774918 0 4 0 132 1 144115188075856084 2105 2 1224979098644774918 1 130 2 144115188075856084 1224979098644774912 1232 1 144115188075856084 2133 2 144115188075855978 1 2106 2 1224979098644774918 1 3 0 4 0 132 1 144115188075856083 2105 2 1224979098644774918 1 130 2 144115188075856083 1224979098644774913 1232 1 144115188075856083 2133 2 144115188075855979 1 2106 2 1224979098644774918 1 3 0 4 0 31 2 144115188075855979 1 31 2 144115188075855978 1 1 2 936748722493063579 504403158265495567 3 0 4 0 31 2 1224979098644774918 0 2133 2 144115188075855980 1 1632 3 1224979098644774919 648518346341351424 360287970189641083 1632 3 1224979098644774920 648518346341351424 360287970189641084 32 2 1224979098644774919 0 32 2 1224979098644774920 0 1 2 936748722493063578 504403158265495567 3 0  0 
168.000000 0.000000 0.000000  0  2 2107 2 144115188075855981 101 2108 2 144115188075855981 100 
0.100000 0.000000 0.100000  2 200 1 504403158265495587 31 2 144115188075856147 1  6 526 3 1224979098644774912 504403158265495587 8 4 0 132 1 1224979098644774912 1640 2 1224979098644774912 0 1603 3 1224979098644774912 65536 0 3 0 
0.100000 0.000000 0.100000  2 200 1 504403158265495587 31 2 144115188075856147 0  7 526 3 1224979098644774912 504403158265495587 8 4 0 132 1 1224979098644774912 1640 2 1224979098644774912 10 1603 3 1224979098644774912 65536 0 1641 2 1224979098644774912 648518346341351424 3 0 
0.100000 0.000000 0.000000  3 200 1 504403158265495587 526 3 1224979098644774912 504403158265495587 8 2147483780 1 1224979098644774912  1 1 3 936748722493063510 504403158265495587 2 
0.100000 0.000000 0.100000  2 200 1 504403158265495622 31 2 144115188075856147 1  6 526 3 1224979098644774912 504403158265495622 8 4 0 132 1 1224979098644774912 1640 2 1224979098644774912 0 1603 3 1224979098644774912 65536 0 3 0 
0.100000 0.000000 0.100000  2 200 1 504403158265495622 31 2 144115188075856147 0  7 526 3 1224979098644774912 504403158265495622 8 4 0 132 1 1224979098644774912 1640 2 1224979098644774912 10 1603 3 1224979098644774912 65536 0 1641 2 1224979098644774912 648518346341351424 3 0 
0.100000 0.000000 0.000000  3 200 1 504403158265495622 526 3 1224979098644774912 504403158265495622 8 2147483780 1 1224979098644774912  1 1 3 936748722493063510 504403158265495622 2 
0.300000 0.000000 1.100000  6 200 1 504403158265495589 2147483851 1 504403158265495589 2301 2 1224979098644774912 576460752303423506 2147483678 2 144115188075856148 1224979098644774912 2302 2 1224979098644774913 576460752303423506 31 2 1224979098644774913 144115188075856149  2 1106 1 216172782113783826 1 3 936748722493063510 504403158265495589 0 
0.300000 0.000000 1.100000  6 200 1 504403158265495589 2147483850 1 504403158265495589 2301 2 1224979098644774912 576460752303423506 2147483678 2 144115188075856148 1224979098644774912 2302 2 1224979098644774913 576460752303423506 2147483679 2 1224979098644774913 144115188075856149  1 1 2 936748722493063578 504403158265495589 
1.000000 0.000000 0.000000  5 200 1 504403158265495590 526 3 1224979098644774912 504403158265495590 8 132 1 1224979098644774912 131 1 1224979098644774912 1232 1 1224979098644774912  0 
0.000000 0.000000 336.000000  22 6 3 1224979098644774912 360287970189640214 360287970189640225 500 3 1224979098644774912 12 0 2147483679 2 1224979098644774912 144115188075856013 520 3 1224979098644774913 1224979098644774912 14 542 3 1224979098644774913 21 0 542 3 1224979098644774913 60 1 2147484188 3 1224979098644774912 2 2 6 3 1224979098644774914 0 30 540 3 1224979098644774912 12 0 2136 3 1224979098644774915 648518346341351448 648518346341351490 2204 2 1224979098644774916 1224979098644774915 2190 3 1224979098644774917 1224979098644774916 1224979098644774913 2147483680 2 1224979098644774917 0 500 3 1224979098644774912 12 1224979098644774915 4 0 31 2 144115188075856163 1 2322 2 4 1224979098644774912 2330 2 5 1224979098644774915 1106 1 1585267068834415302 3 0 3 0 3 0  0 
360.000000 0.000000 0.000000  1 1 1 936748722493063587  0 
0.000000 0.000000 24.000000  0  132 2133 2 1224979098644774912 0 2133 2 1224979098644774913 100 6 3 1224979098644774914 360287970189640020 360287970189640046 110 1 1224979098644774914 2105 2 1224979098644774912 1 3 0 2106 2 1224979098644774913 1224979098644774912 2170 3 1224979098644774915 1369094286720630791 360287970189639680 2105 2 1224979098644774913 1224979098644774915 2133 2 72057594037927943 1224979098644774913 4 0 32 2 144115188075855983 0 31 2 144115188075856758 0 4 0 520 3 1224979098644774916 144115188075855983 71 110 1 144115188075855983 110 1 1224979098644774916 2133 2 144115188075855982 144115188075855983 3 0 2133 2 144115188075855983 0 3 0 6 3 1224979098644774917 360287970189640020 360287970189640046 500 3 1224979098644774917 81 0 4 0 540 3 1224979098644774917 5 1 500 3 1224979098644774917 80 1 3 0 520 3 1224979098644774918 1224979098644774917 2 4 0 31 2 1224979098644774918 11 520 3 1224979098644774919 1224979098644774917 84 2322 2 31 1224979098644774917 520 3 1224979098644774920 360287970189639680 7 2133 2 72057594037927940 1224979098644774920 2133 2 72057594037927941 1224979098644774919 32 2 1224979098644774920 1224979098644774919 500 3 1224979098644774917 77 0 500 3 1224979098644774917 69 0 500 3 1224979098644774917 2 0 3 0 4 0 560 3 1224979098644774917 146 5 540 3 1224979098644774917 147 1 520 3 1224979098644774916 1224979098644774917 144 540 3 1224979098644774916 145 0 500 3 1224979098644774916 145 1 2322 2 3 1224979098644774917 2322 2 4 1224979098644774916 4 0 31 2 144115188075856163 1 1106 1 216172782113786906 3 0 3 0 4 0 110 1 1224979098644774917 1 2 936748722493063639 1224979098644774917 2133 2 1224979098644774921 72057594037927936 4 0 2147483678 2 1224979098644774921 20 2136 3 1224979098644774922 0 100 2105 2 1224979098644774921 1224979098644774922 2147483678 2 1224979098644774921 20 2133 2 144115188075855984 1224979098644774917 3 0 520 3 1224979098644774923 1224979098644774917 77 2107 2 1224979098644774923 90 2108 2 1224979098644774923 1224979098644774913 500 3 1224979098644774917 77 1224979098644774923 520 3 1224979098644774923 1224979098644774917 69 2107 2 1224979098644774923 90 2108 2 1224979098644774923 1224979098644774913 500 3 1224979098644774917 69 1224979098644774923 4 0 1073742384 3 1224979098644774917 72 1 31 2 144115188075856758 1 520 3 1224979098644774924 1224979098644774917 71 110 1 1224979098644774924 1 4 936748722493063641 1224979098644774917 1224979098644774924 72 3 0 4 0 1073742384 3 1224979098644774917 74 1 31 2 144115188075856758 1 520 3 1224979098644774924 1224979098644774917 73 110 1 1224979098644774924 1 4 936748722493063641 1224979098644774917 1224979098644774924 74 3 0 4 0 1073742384 3 1224979098644774917 76 1 31 2 144115188075856758 1 520 3 1224979098644774924 1224979098644774917 75 110 1 1224979098644774924 520 3 1224979098644774923 1224979098644774917 77 2107 2 1224979098644774923 9 2108 2 1224979098644774923 10 500 3 1224979098644774917 77 1224979098644774923 3 0 4 0 31 2 144115188075856758 0 31 2 144115188075855982 0 31 2 144115188075856026 0 31 2 144115188075855983 0 540 3 1224979098644774917 72 0 520 3 1224979098644774916 1224979098644774917 71 110 1 1224979098644774916 2133 2 144115188075855983 1224979098644774917 3 0 4 0 31 2 144115188075855985 0 540 3 1224979098644774917 145 1 2133 2 144115188075855985 1224979098644774917 3 0 5 0 2147483758 1 1224979098644774917 31 2 1224979098644774918 5 520 3 1224979098644774925 1224979098644774917 146 4 0 32 2 1224979098644774925 0 2106 2 1224979098644774925 1 500 3 1224979098644774917 146 1224979098644774925 5 0 540 3 1224979098644774917 147 11 560 3 1224979098644774917 163 1 500 3 360287970189639712 148 1224979098644774917 2133 2 144115188075855986 360287970189639712 5 0 560 3 1224979098644774917 147 1 3221226012 3 1224979098644774917 147 8 101 1 1224979098644774917 2133 2 144115188075855986 1224979098644774917 3 0 3 0 3 0 
1.000000 0.000000 0.000000  16 1506 2 1224979098644774912 360287970189639680 2109 2 1224979098644774912 2 31 2 1224979098644774912 1 6 3 1224979098644774913 360287970189640020 360287970189640046 540 3 1224979098644774913 2 5 1540 2 1224979098644774914 1224979098644774913 6 3 1224979098644774915 0 1224979098644774914 1541 3 1224979098644774916 1224979098644774913 1224979098644774915 30 2 1224979098644774916 0 1073741855 2 1224979098644774916 288230376151712606 1073741855 2 1224979098644774916 288230376151712637 31 2 1224979098644774916 288230376151712640 372 1 80 2133 2 1224979098644774914 0 3 0 3 0  0 
0.000000 0.000000 0.000000  3 31 2 144115188075857546 1 32 2 144115188075857644 0 2147483780 1 144115188075857644  18 2133 2 144115188075857546 0 1 1 936748722493063781 1 1 936748722493063787 1650 2 1224979098644774912 648518346341351424 7 3 1224979098644774913 0 1224979098644774912 1652 3 1224979098644774914 648518346341351424 1224979098644774913 2147485155 1 1224979098644774914 1653 3 1224979098644774915 648518346341351424 1224979098644774913 1615 3 648518346341351424 1224979098644774914 1224979098644774915 3 0 2173 2 1224979098644774916 144115188075857670 6 3 1224979098644774917 432345564227567656 432345564227567688 2147483679 2 1224979098644774916 1224979098644774917 542 3 1224979098644774917 21 0 1 3 936748722493063464 1224979098644774917 0 3 0 2133 2 144115188075856273 144115188075856188 2060 1 864691128455135465 
0.000000 0.000000 0.000000  15 31 2 144115188075857546 1 4 0 561 3 648518346341351427 68 1 37 0 501 3 648518346341351427 68 0 1695 2 1224979098644774912 648518346341351424 7 3 1224979098644774913 0 1224979098644774912 1696 3 1224979098644774914 648518346341351424 1224979098644774913 1661 1 1224979098644774914 3 0 3 0 1680 2 1224979098644774915 144115188075857644 32 2 1224979098644774915 0 2175 2 1224979098644774916 360287970189639680 30 2 1224979098644774916 50  1 2060 1 864691128455135555 
1.000000 0.000000 0.000000  8 31 2 144115188075857546 0 32 2 144115188075857644 0 2147483780 1 144115188075857644 2173 2 1224979098644774912 144115188075857670 2190 3 1224979098644774913 432345564227567656 1224979098644774912 2147483678 2 1224979098644774913 0 1696 3 1224979098644774914 648518346341351424 0 31 2 648518346341351428 1224979098644774914  37 2133 2 144115188075857644 -1 1661 1 648518346341351428 2170 3 1224979098644774912 1369094286720630785 360287970189639680 2170 3 1224979098644774913 1369094286720630791 360287970189639680 2120 3 1224979098644774914 1224979098644774913 1224979098644774912 2105 2 1224979098644774914 10 2136 3 1224979098644774915 0 1224979098644774914 4 0 33 3 1224979098644774915 0 5 1 3 936748722493063341 648518346341351424 0 2133 2 1224979098644774916 72057594037927936 1 3 936748722493063341 648518346341351428 0 2133 2 1224979098644774917 72057594037927936 30 2 1224979098644774917 1224979098644774916 1651 2 1224979098644774918 648518346341351428 6 3 1224979098644774919 0 1224979098644774918 1656 3 1224979098644774920 648518346341351428 1224979098644774919 1657 3 1224979098644774921 648518346341351428 1224979098644774919 1616 3 648518346341351428 1224979098644774920 1224979098644774921 3 0 1120 2 1585267068834416677 1585267068834416678 1300 1 648518346341351428 2052 0 5 0 33 3 1224979098644774915 5 10 1120 2 1585267068834416679 1585267068834416680 1617 1 648518346341351428 5 0 1120 2 1585267068834416681 1585267068834416680 1650 2 1224979098644774918 648518346341351428 6 3 1224979098644774919 0 1224979098644774918 1652 3 1224979098644774920 648518346341351428 1224979098644774919 1653 3 1224979098644774921 648518346341351428 1224979098644774919 1610 3 648518346341351424 1224979098644774920 1224979098644774921 3 0 1617 1 648518346341351428 3 0 
0.000000 0.000000 0.000000  6 31 2 144115188075857546 1 71 1 224 2124 1 1000 75 1 0 727 2 1224979098644774912 0 32 2 1224979098644774912 50  2 2060 1 864691128455135555 1031 3 9999 4 0 
24.000000 0.000000 0.000000  1 31 2 144115188075857546 2  16 520 3 1224979098644774912 360287970189639680 146 4 0 32 2 1224979098644774912 5 2106 2 1224979098644774912 1 500 3 360287970189639680 146 1224979098644774912 5 0 33 3 1224979098644774912 1 5 2133 2 72057594037927936 1224979098644774912 1106 1 1585267068834416682 2106 2 1224979098644774912 1 500 3 360287970189639680 146 1224979098644774912 5 0 31 2 1224979098644774912 0 1 1 936748722493063786 1106 1 1585267068834416683 3 0 
24.000000 0.000000 288.000000  0  25 2133 2 1224979098644774912 0 6 3 1224979098644774913 648518346341351448 648518346341351777 521 3 1224979098644774914 1224979098644774913 7 31 2 1224979098644774914 360287970189639680 2133 2 1224979098644774912 1 3 0 31 2 1224979098644774912 1 4 0 31 2 144115188075856163 1 2133 2 72057594037927936 144115188075857108 1106 1 1585267068834416684 3 0 2133 2 1224979098644774915 0 4 0 31 2 144115188075857108 0 2133 2 1224979098644774915 1 5 0 2147483679 2 144115188075857108 -1 2147483679 2 144115188075857108 360287970189641206 2133 2 1224979098644774915 1 3 0 4 0 31 2 1224979098644774915 1 1 4 936748722493063484 864691128455135624 0 0 3 0 
24.000000 0.000000 312.000000  0  25 2133 2 1224979098644774912 0 6 3 1224979098644774913 648518346341351448 648518346341351565 521 3 1224979098644774914 1224979098644774913 7 31 2 1224979098644774914 360287970189639680 2133 2 1224979098644774912 1 3 0 31 2 1224979098644774912 1 4 0 31 2 144115188075856163 1 2133 2 72057594037927936 144115188075857105 1106 1 1585267068834416685 3 0 2133 2 1224979098644774915 0 4 0 31 2 144115188075857105 0 2133 2 1224979098644774915 1 5 0 2147483679 2 144115188075857105 -1 2147483679 2 144115188075857105 360287970189641207 2133 2 1224979098644774915 1 3 0 4 0 31 2 1224979098644774915 1 1 4 936748722493063484 864691128455135626 0 0 3 0 
24.000000 0.000000 336.000000  0  25 2133 2 1224979098644774912 0 6 3 1224979098644774913 648518346341351448 648518346341351490 521 3 1224979098644774914 1224979098644774913 7 31 2 1224979098644774914 360287970189639680 2133 2 1224979098644774912 1 3 0 31 2 1224979098644774912 1 4 0 31 2 144115188075856163 1 2133 2 72057594037927936 144115188075857211 1106 1 1585267068834416686 3 0 2133 2 1224979098644774915 0 4 0 31 2 144115188075857211 0 2133 2 1224979098644774915 1 5 0 2147483679 2 144115188075857211 -1 2147483679 2 144115188075857211 360287970189641208 2133 2 1224979098644774915 1 3 0 4 0 31 2 1224979098644774915 1 1 4 936748722493063484 864691128455135628 0 0 3 0 
1.000000 0.000000 0.000000  3 31 2 144115188075857084 1 2271 1 72057594037927936 32 2 72057594037927936 18  10 1106 2 216172782113787855 4292863579 2133 2 144115188075857084 0 2135 2 72057594037927937 10 4 1 0 2147483678 2 72057594037927937 7 600 1 1152921504606847154 5 1 0 30 2 72057594037927937 7 600 1 1152921504606847154 3 1 0 
1.000000 0.000000 0.000000  4 31 2 144115188075857084 0 2271 1 72057594037927936 30 2 72057594037927936 5 2147483680 2 72057594037927936 18  10 1106 2 216172782113787854 4292863579 2133 2 144115188075857084 1 2135 2 72057594037927937 10 4 1 0 2147483678 2 72057594037927937 7 600 1 1152921504606847155 5 1 0 30 2 72057594037927937 7 600 1 1152921504606847155 3 1 0 
0.000000 6.000000 12.000000  0  3 4 0 600 1 1152921504606847156 3 0 
24.000000 270.000000 100000000.000000  1 31 2 144115188075857124 1  1 2133 2 144115188075857085 1 
