1.
0 0 0 0 0 0 0 0 0 0
0 0 0 0 0 0 0 0 0 0
0 0 0 0 1 0 0 0 0 0
0 0 0 0 0 1 1 0 0 0
0 0 0 0 1 1 1 1 0 0
0 0 0 0 1 1 1 1 0 0
0 0 0 0 0 0 0 0 0 0
0 1 1 0 0 0 0 0 0 0
0 1 1 0 0 0 0 0 0 0
0 0 0 0 0 0 0 0 0 0

(4,2)에서 부터 인접한 1의 갯수를 세어 보기

12

(1,7) 갯수는 

4개


2.
0 0 0 0 0 0 0 0 0 0
0 0 1 1 1 0 0 0 0 0
0 0 1 0 1 0 0 0 0 0
0 0 1 0 1 1 1 1 0 0
0 0 1 0 0 0 0 1 0 0
0 0 1 1 1 1 1 1 0 0
0 0 0 0 0 0 0 0 0 0
0 1 1 0 0 0 0 0 0 0
0 1 1 0 0 0 0 0 0 0
0 0 0 0 0 0 0 0 0 0

(5,4)를 선택하면 1로 둘러 쌓인 영역 색칠하기



3.
시작점과 끝점 알려주면 선긋기

void PutPixel(int x, int y)
{
	COORD c;
	c.X = x;
	c.Y = y;
	SetConsoleCursorPosition(GetStdHandle(STD_OUTPUT_HANDLE), c);
	printf("#");
}

위 함수를 사용해서 선 긋기


####
#
 #
  #